_DATA = '''[["pelvis",[["spine_01",[["spine_02",[["spine_03",[["neck_01",[["head",[],1.5707964897155762,[8.139462437384282e-08,0.0397762805223465,1.655158519744873],[9.371392906132314e-08,0.0419170968234539,1.7480412721633911],[[-3.334403331223257e-08,1.3224780559539795e-07,0.9999999403953552,8.139462437384282e-08],[0.9997344613075256,0.0230424664914608,3.096647560596466e-08,0.0397762805223465],[-0.0230424702167511,0.9997343420982361,-1.0058283805847168e-07,1.655158519744873],[0.0,0.0,0.0,1.0]],1,"neck_01"]],1.5707964897155762,[7.115679778735284e-08,0.0587468259036541,1.5642085075378418],[8.139462437384282e-08,0.0397762805223465,1.655158519744873],[[-2.737078652614855e-08,8.940696716308594e-08,1.0,7.115679778735284e-08],[0.9789317846298218,-0.20418764650821686,4.470348358154297e-08,0.0587468259036541],[0.20418764650821686,0.9789317846298218,-5.960464477539063e-08,1.5642085075378418],[0.0,0.0,0.0,1.0]],1,"spine_03"],["clavicle_l",[["upperarm_l",[["lowerarm_l",[["hand_l",[["index_01_l",[["index_02_l",[["index_03_l",[],1.593348503112793,[0.944203794002533,0.061547648161649704,1.4444912672042847],[0.9781343936920166,0.061897676438093185,1.4438799619674683],[[-0.01806010864675045,0.9997846484184265,0.010230264626443386,0.944203794002533],[0.004537524655461311,0.010313784703612328,-0.999936580657959,0.061547648161649704],[-0.9998266100883484,-0.018012462183833122,-0.00472281314432621,1.4444912672042847],[0.0,0.0,0.0,1.0]],1,"index_02_l"]],1.616280436515808,[0.9104359149932861,0.059046681970357895,1.4467850923538208],[0.944203794002533,0.061547648161649704,1.4444912672042847],[[-0.06611356884241104,0.9949880242347717,0.07501845061779022,0.9104359149932861],[-0.02227829396724701,0.07369226962327957,-0.9970322251319885,0.059046681970357895],[-0.997563362121582,-0.06758874654769897,0.01729457452893257,1.4467850923538208],[0.0,0.0,0.0,1.0]],1,"index_01_l"]],1.5822863578796387,[0.8676201701164246,0.059366874396800995,1.4490156173706055],[0.9104359149932861,0.059046681970357895,1.4467850923538208],[[-0.05228497460484505,0.9986178278923035,-0.0053422898054122925,0.8676201701164246],[-0.04054657369852066,-0.007468044757843018,-0.999149739742279,0.059366874396800995],[-0.9978086948394775,-0.05202389881014824,0.04088100418448448,1.4490156173706055],[0.0,0.0,0.0,1.0]],0,"hand_l"],["middle_01_l",[["middle_02_l",[["middle_03_l",[],1.5923086404800415,[0.9537035226821899,0.09107096493244171,1.4484260082244873],[0.9898841977119446,0.09579890966415405,1.448367714881897],[[-0.004189437720924616,0.9915686249732971,0.12951628863811493,0.9537035226821899],[0.019732054322957993,0.12957414984703064,-0.9913734197616577,0.09107096493244171],[-0.9997966289520264,-0.0015975992428138852,-0.020108526572585106,1.4484260082244873],[0.0,0.0,0.0,1.0]],1,"middle_02_l"]],1.658111572265625,[0.9174335598945618,0.08912025392055511,1.451903223991394],[0.9537035226821899,0.09107096493244171,1.4484260082244873],[[-0.09498979151248932,0.9940122365951538,0.054003797471523285,0.9174335598945618],[-0.008251138031482697,0.05346106365323067,-0.9985358119010925,0.08912025392055511],[-0.9954439401626587,-0.09529636055231094,0.003123469650745392,1.451903223991394],[0.0,0.0,0.0,1.0]],1,"middle_01_l"]],1.6409860849380493,[0.8711475729942322,0.08608262240886688,1.4532040357589722],[0.9174335598945618,0.08912025392055511,1.451903223991394],[[-0.030821220949292183,0.9974610209465027,0.06419487297534943,0.8711475729942322],[0.041990675032138824,0.06546082347631454,-0.9969711899757385,0.08608262240886688],[-0.9986422657966614,-0.028032446280121803,-0.04390166699886322,1.4532040357589722],[0.0,0.0,0.0,1.0]],0,"hand_l"],["pinky_01_l",[["pinky_02_l",[["pinky_03_l",[],1.5763697624206543,[0.9153526425361633,0.14397349953651428,1.4475703239440918],[0.944797694683075,0.14890512824058533,1.4478304386138916],[[0.0064529976807534695,0.9862253665924072,0.16528242826461792,0.9153526425361633],[0.014208700507879257,0.16517877578735352,-0.9861614108085632,0.14397349953651428],[-0.9998783469200134,0.008712203241884708,-0.01294708251953125,1.4475703239440918],[0.0,0.0,0.0,1.0]],1,"pinky_02_l"]],1.5538923740386963,[0.88631671667099,0.13707062602043152,1.4467589855194092],[0.9153526425361633,0.14397349953651428,1.4475703239440918],[[0.02538064867258072,0.9725255966186523,0.23140782117843628,0.88631671667099],[0.010732268914580345,0.23120397329330444,-0.9728460907936096,0.13707062602043152],[-0.9996201395988464,0.027174856513738632,-0.004569299519062042,1.4467589855194092],[0.0,0.0,0.0,1.0]],1,"pinky_01_l"]],1.5352966785430908,[0.8519319891929626,0.12781760096549988,1.4440624713897705],[0.88631671667099,0.13707062602043152,1.4467589855194092],[[0.06706714630126953,0.9628899693489075,0.2614292502403259,0.8519319891929626],[0.04128893092274666,0.25911641120910645,-0.9649632573127747,0.12781760096549988],[-0.9968938827514648,0.07551160454750061,-0.02237849310040474,1.4440624713897705],[0.0,0.0,0.0,1.0]],0,"hand_l"],["ring_01_l",[["ring_02_l",[["ring_03_l",[],1.583191990852356,[0.9431964755058289,0.11861585825681686,1.4508906602859497],[0.9777572154998779,0.12233316898345947,1.451558232307434],[[0.01591334491968155,0.9940820932388306,0.10746082663536072,0.9431964755058289],[0.031522106379270554,0.10692224651575089,-0.9937676191329956,0.11861585825681686],[-0.9993764162063599,0.019201604649424553,-0.02963406778872013,1.4508906602859497],[0.0,0.0,0.0,1.0]],1,"ring_02_l"]],1.5589767694473267,[0.90863436460495,0.11490707844495773,1.4502451419830322],[0.9431964755058289,0.11861585825681686,1.4508906602859497],[[0.01794218271970749,0.9941202998161316,0.1067836582660675,0.90863436460495],[0.006816149689257145,0.10667673498392105,-0.9942703247070312,0.11490707844495773],[-0.999815821647644,0.01856723614037037,-0.004862058907747269,1.4502451419830322],[0.0,0.0,0.0,1.0]],1,"ring_01_l"]],1.5625269412994385,[0.8647332787513733,0.10917225480079651,1.4486777782440186],[0.90863436460495,0.11490707844495773,1.4502451419830322],[[0.032119520008563995,0.9909548163414001,0.13029605150222778,0.8647332787513733],[0.027183517813682556,0.12944898009300232,-0.9912133812904358,0.10917225480079651],[-0.9991143345832825,0.03537921980023384,-0.02277979999780655,1.4486777782440186],[0.0,0.0,0.0,1.0]],0,"hand_l"],["thumb_01_l",[["thumb_02_l",[["thumb_03_l",[],-2.5098178386688232,[0.8481141924858093,0.01785927265882492,1.407949686050415],[0.8791032433509827,0.0045524658635258675,1.3853063583374023],[[0.2649367153644562,0.7628717422485352,-0.5897756814956665,0.8481141924858093],[0.9448232650756836,-0.3275797367095947,0.000707089900970459,0.01785927265882492],[-0.1926591694355011,-0.5574211478233337,-0.8075668811798096,1.407949686050415],[0.0,0.0,0.0,1.0]],1,"thumb_02_l"]],-2.248778820037842,[0.8195803761482239,0.034240540117025375,1.4317737817764282],[0.8481141924858093,0.01785927265882492,1.407949686050415],[[0.4290812015533447,0.7024298906326294,-0.5678744316101074,0.8195803761482239],[0.8973609209060669,-0.4032651484012604,0.17922130227088928,0.034240540117025375],[-0.10311371088027954,-0.5864885449409485,-0.8033668398857117,1.4317737817764282],[0.0,0.0,0.0,1.0]],1,"thumb_01_l"]],-2.493137836456299,[0.7942072153091431,0.059187039732933044,1.4469828605651855],[0.8195803761482239,0.034240540117025375,1.4317737817764282],[[0.6053449511528015,0.6556917428970337,-0.45124927163124084,0.7942072153091431],[0.759972095489502,-0.6446660161018372,0.08275499939918518,0.059187039732933044],[-0.23664332926273346,-0.39303213357925415,-0.8885526657104492,1.4469828605651855],[0.0,0.0,0.0,1.0]],0,"hand_l"]],1.6137523651123047,[0.7494871616363525,0.08752518147230148,1.4729222059249878],[0.8570546507835388,0.081365667283535,1.467003345489502],[[-0.055622391402721405,0.9968617558479309,-0.05633179843425751,0.7494871616363525],[-0.011993266642093658,-0.057082150131464005,-0.9982975721359253,0.08752518147230148],[-0.9983800053596497,-0.05485193431377411,0.015130680054426193,1.4729222059249878],[0.0,0.0,0.0,1.0]],1,"lowerarm_l"],["lowerarm_twist_01_l",[],3.146974802017212,[0.6198495626449585,0.09204770624637604,1.4759281873703003],[0.8245455622673035,0.084906667470932,1.471181869506836],[[0.03442804515361786,0.9991236925125122,-0.02379750832915306,0.6198495626449585],[0.9992340207099915,-0.03485550358891487,-0.017789097502827644,0.09204770624637604],[-0.01860298588871956,-0.0231668408960104,-0.9995584487915039,1.4759281873703003],[0.0,0.0,0.0,1.0]],0,"lowerarm_l"]],3.1469767093658447,[0.4799721837043762,0.0969274491071701,1.479171633720398],[0.7494871616363525,0.08752518147230148,1.4729222059249878],[[0.03442789241671562,0.9991235136985779,-0.023797988891601562,0.4799721837043762],[0.9992339611053467,-0.034855302423238754,-0.017787715420126915,0.0969274491071701],[-0.018601618707180023,-0.023167358711361885,-0.9995585680007935,1.479171633720398],[0.0,0.0,0.0,1.0]],1,"upperarm_l"],["upperarm_twist_01_l",[],-3.111128091812134,[0.1819949448108673,0.0971069484949112,1.495035171508789],[0.3359765112400055,0.09701420366764069,1.4868375062942505],[[-0.0006075659766793251,0.9985858201980591,-0.0531625971198082,0.1819949448108673],[0.9997416734695435,-0.0006014592945575714,-0.02272122912108898,0.0971069484949112],[-0.0227210596203804,-0.05316267907619476,-0.9983273148536682,1.495035171508789],[0.0,0.0,0.0,1.0]],0,"upperarm_l"]],-3.1111299991607666,[0.17700207233428955,0.09710995107889175,1.4953010082244873],[0.4799721837043762,0.0969274491071701,1.479171633720398],[[-0.0006076334975659847,0.9985859990119934,-0.05316213518381119,0.17700207233428955],[0.9997416734695435,-0.0006015243707224727,-0.02272268570959568,0.09710995107889175],[-0.022722510620951653,-0.05316223204135895,-0.9983273148536682,1.4953010082244873],[0.0,0.0,0.0,1.0]],1,"clavicle_l"]],-3.0362820625305176,[0.037819862365722656,0.027603907510638237,1.5220106840133667],[0.17700207233428955,0.09710995107889175,1.4953010082244873],[[-0.4467742443084717,0.8817449808120728,-0.1513894498348236,0.037819862365722656],[0.8946467638015747,0.44033363461494446,-0.07558773458003998,0.027603907510638237],[1.2740492820739746e-05,-0.16921071708202362,-0.9855799078941345,1.5220106840133667],[0.0,0.0,0.0,1.0]],0,"spine_03"],["clavicle_r",[["upperarm_r",[["lowerarm_r",[["hand_r",[["index_01_r",[["index_02_r",[["index_03_r",[],-1.5933482646942139,[-0.9442037343978882,0.06154771149158478,1.4444913864135742],[-0.9781343340873718,0.061897747218608856,1.4438800811767578],[[-0.018060090020298958,-0.9997846484184265,-0.010230486281216145,-0.9442037343978882],[-0.004537289962172508,0.010314004495739937,-0.999936580657959,0.06154771149158478],[0.9998266696929932,-0.018012462183833122,-0.004722578451037407,1.4444913864135742],[0.0,0.0,0.0,1.0]],1,"index_02_r"]],-1.6162803173065186,[-0.9104358553886414,0.05904673784971237,1.4467852115631104],[-0.9442037343978882,0.06154771149158478,1.4444913864135742],[[-0.06611364334821701,-0.994987964630127,-0.07501868903636932,-0.9104358553886414],[0.022278428077697754,0.07369247823953629,-0.9970321655273438,0.05904673784971237],[0.9975634217262268,-0.06758873164653778,0.017294682562351227,1.4467852115631104],[0.0,0.0,0.0,1.0]],1,"index_01_r"]],-1.5822861194610596,[-0.8676201105117798,0.059366922825574875,1.449015736579895],[-0.9104358553886414,0.05904673784971237,1.4467852115631104],[[-0.052284903824329376,-0.9986178278923035,0.005342103540897369,-0.8676201105117798],[0.04054681584239006,-0.00746786966919899,-0.999149739742279,0.059366922825574875],[0.9978086948394775,-0.05202389881014824,0.04088123142719269,1.449015736579895],[0.0,0.0,0.0,1.0]],0,"hand_r"],["middle_01_r",[["middle_02_r",[["middle_03_r",[],-1.592308759689331,[-0.9537034630775452,0.09107102453708649,1.4484261274337769],[-0.9898841381072998,0.09579897671937943,1.4483678340911865],[[-0.004189512226730585,-0.9915685653686523,-0.12951649725437164,-0.9537034630775452],[-0.019732169806957245,0.12957435846328735,-0.9913734197616577,0.09107102453708649],[0.9997966885566711,-0.0015975991263985634,-0.020108645781874657,1.4484261274337769],[0.0,0.0,0.0,1.0]],1,"middle_02_r"]],-1.6581114530563354,[-0.917433500289917,0.08912031352519989,1.4519033432006836],[-0.9537034630775452,0.09107102453708649,1.4484261274337769],[[-0.09498979151248932,-0.9940122365951538,-0.05400380492210388,-0.917433500289917],[0.008251264691352844,0.05346105992794037,-0.9985358119010925,0.08912031352519989],[0.9954439401626587,-0.09529636800289154,0.0031235888600349426,1.4519033432006836],[0.0,0.0,0.0,1.0]],1,"middle_01_r"]],-1.6409860849380493,[-0.8711475133895874,0.08608267456293106,1.4532041549682617],[-0.917433500289917,0.08912031352519989,1.4519033432006836],[[-0.03082115761935711,-0.9974610209465027,-0.06419502943754196,-0.8711475133895874],[-0.04199068248271942,0.06546098738908768,-0.9969711899757385,0.08608267456293106],[0.9986423254013062,-0.02803243137896061,-0.04390167072415352,1.4532041549682617],[0.0,0.0,0.0,1.0]],0,"hand_r"],["pinky_01_r",[["pinky_02_r",[["pinky_03_r",[],-1.5763698816299438,[-0.9153525829315186,0.14397355914115906,1.4475704431533813],[-0.9447976350784302,0.1489051878452301,1.4478305578231812],[[0.006452982779592276,-0.9862253665924072,-0.16528242826461792,-0.9153525829315186],[-0.01420881599187851,0.16517877578735352,-0.9861614108085632,0.14397355914115906],[0.9998783469200134,0.008712202310562134,-0.0129472017288208,1.4475704431533813],[0.0,0.0,0.0,1.0]],1,"pinky_02_r"]],-1.5538926124572754,[-0.8863165974617004,0.1370706856250763,1.4467591047286987],[-0.9153525829315186,0.14397355914115906,1.4475704431533813],[[0.02538038231432438,-0.9725258946418762,-0.23140741884708405,-0.8863165974617004],[-0.010732408612966537,0.23120355606079102,-0.9728462100028992,0.1370706856250763],[0.9996203184127808,0.027174819260835648,-0.0045695118606090546,1.4467591047286987],[0.0,0.0,0.0,1.0]],1,"pinky_01_r"]],-1.53529691696167,[-0.8519318699836731,0.12781766057014465,1.44406259059906],[-0.8863165974617004,0.1370706856250763,1.4467591047286987],[[0.06706710159778595,-0.9628899693489075,-0.2614292502403259,-0.8519318699836731],[-0.041289154440164566,0.25911641120910645,-0.9649631977081299,0.12781766057014465],[0.9968938827514648,0.0755116194486618,-0.02237873151898384,1.44406259059906],[0.0,0.0,0.0,1.0]],0,"hand_r"],["ring_01_r",[["ring_02_r",[["ring_03_r",[],-1.5831921100616455,[-0.9431963562965393,0.11861592531204224,1.4508907794952393],[-0.9777570962905884,0.12233324348926544,1.4515583515167236],[[0.015913350507616997,-0.994081974029541,-0.10746103525161743,-0.9431963562965393],[-0.031522225588560104,0.1069224402308464,-0.9937675595283508,0.11861592531204224],[0.9993763566017151,0.019201602786779404,-0.029634181410074234,1.4508907794952393],[0.0,0.0,0.0,1.0]],1,"ring_02_r"]],-1.5589768886566162,[-0.9086342453956604,0.11490713804960251,1.4502452611923218],[-0.9431963562965393,0.11861592531204224,1.4508907794952393],[[0.017942126840353012,-0.9941203594207764,-0.10678386688232422,-0.9086342453956604],[-0.006816264241933823,0.10667695850133896,-0.994270384311676,0.11490713804960251],[0.999815821647644,0.01856723427772522,-0.004862174391746521,1.4502452611923218],[0.0,0.0,0.0,1.0]],1,"ring_01_r"]],-1.5625269412994385,[-0.8647331595420837,0.10917230695486069,1.448677897453308],[-0.9086342453956604,0.11490713804960251,1.4502452611923218],[[0.03211940824985504,-0.9909548759460449,-0.13029621541500092,-0.8647331595420837],[-0.027183502912521362,0.12944914400577545,-0.9912133812904358,0.10917230695486069],[0.9991143941879272,0.03537921980023384,-0.02277979627251625,1.448677897453308],[0.0,0.0,0.0,1.0]],0,"hand_r"],["thumb_01_r",[["thumb_02_r",[["thumb_03_r",[],2.5098180770874023,[-0.8481140732765198,0.017859315499663353,1.4079498052597046],[-0.8791031241416931,0.004552505910396576,1.385306477546692],[[0.26493656635284424,-0.7628718614578247,0.5897756814956665,-0.8481140732765198],[-0.9448233246803284,-0.32757988572120667,0.0007068514823913574,0.017859315499663353],[0.19265924394130707,-0.5574212074279785,-0.8075668811798096,1.4079498052597046],[0.0,0.0,0.0,1.0]],1,"thumb_02_r"]],2.248778820037842,[-0.8195802569389343,0.03424058109521866,1.4317739009857178],[-0.8481140732765198,0.017859315499663353,1.4079498052597046],[[0.42908117175102234,-0.7024301290512085,0.5678743124008179,-0.8195802569389343],[-0.8973610997200012,-0.40326517820358276,0.17922118306159973,0.03424058109521866],[0.10311359167098999,-0.5864887833595276,-0.8033669590950012,1.4317739009857178],[0.0,0.0,0.0,1.0]],1,"thumb_01_r"]],2.493138313293457,[-0.7942070960998535,0.05918707698583603,1.446982979774475],[-0.8195802569389343,0.03424058109521866,1.4317739009857178],[[0.6053448915481567,-0.6556921005249023,0.45124951004981995,-0.7942070960998535],[-0.7599725723266602,-0.6446662545204163,0.08275443315505981,0.05918707698583603],[0.23664329946041107,-0.39303234219551086,-0.8885525465011597,1.446982979774475],[0.0,0.0,0.0,1.0]],0,"hand_r"]],-1.6137523651123047,[-0.749487042427063,0.08752521872520447,1.4729223251342773],[-0.857054591178894,0.08136571198701859,1.4670034646987915],[[-0.05562220886349678,-0.9968615770339966,0.05633171275258064,-0.749487042427063],[0.011993244290351868,-0.05708204582333565,-0.9982975125312805,0.08752521872520447],[0.9983798861503601,-0.054851897060871124,0.015130635350942612,1.4729223251342773],[0.0,0.0,0.0,1.0]],1,"lowerarm_r"],["lowerarm_twist_01_r",[],3.1362104415893555,[-0.619849443435669,0.09204772114753723,1.4759281873703003],[-0.8245454430580139,0.08490670472383499,1.471181869506836],[[0.0344279408454895,-0.9991236925125122,0.023797504603862762,-0.619849443435669],[-0.9992340207099915,-0.034855395555496216,-0.01778903417289257,0.09204772114753723],[0.018602920696139336,-0.0231668371707201,-0.9995584487915039,1.4759281873703003],[0.0,0.0,0.0,1.0]],0,"lowerarm_r"]],3.136209011077881,[-0.47997212409973145,0.09692742675542831,1.479171633720398],[-0.749487042427063,0.08752521872520447,1.4729223251342773],[[0.03442751616239548,-0.9991239309310913,0.023797541856765747,-0.47997212409973145],[-0.999234139919281,-0.03485511615872383,-0.017787694931030273,0.09692742675542831],[0.018601570278406143,-0.02316693589091301,-0.9995585083961487,1.479171633720398],[0.0,0.0,0.0,1.0]],1,"upperarm_r"],["upperarm_twist_01_r",[],3.1111299991607666,[-0.1819949448108673,0.09710693359375,1.495035171508789],[-0.3359764814376831,0.0970141813158989,1.4868375062942505],[[-0.000607512891292572,-0.9985854625701904,0.05316261574625969,-0.1819949448108673],[-0.9997416138648987,-0.0006015076069161296,-0.02272314578294754,0.09710693359375],[0.022722985595464706,-0.05316266790032387,-0.9983273148536682,1.495035171508789],[0.0,0.0,0.0,1.0]],0,"upperarm_r"]],3.111128091812134,[-0.17700205743312836,0.09710994362831116,1.4953010082244873],[-0.47997212409973145,0.09692742675542831,1.479171633720398],[[-0.0006073764525353909,-0.9985857605934143,0.05316215753555298,-0.17700205743312836],[-0.9997416734695435,-0.0006015733815729618,-0.022720789536833763,0.09710994362831116],[0.02272062748670578,-0.05316222086548805,-0.998327374458313,1.4953010082244873],[0.0,0.0,0.0,1.0]],1,"clavicle_r"]],3.0362818241119385,[-0.037819862365722656,0.027603909373283386,1.5220106840133667],[-0.17700205743312836,0.09710994362831116,1.4953010082244873],[[-0.44677403569221497,-0.881744921207428,0.15138955414295197,-0.037819862365722656],[-0.8946467638015747,0.4403335452079773,-0.07558753341436386,0.027603909373283386],[-1.294165849685669e-05,-0.16921071708202362,-0.9855798482894897,1.5220106840133667],[0.0,0.0,0.0,1.0]],0,"spine_03"]],1.5707964897155762,[5.146326742533347e-08,0.03497936576604843,1.4002971649169922],[7.115679778735284e-08,0.0587468259036541,1.5642085075378418],[[-6.001453556336855e-08,1.1920928955078125e-07,1.0,5.146326742533347e-08],[0.9896501302719116,0.1435011625289917,5.029141902923584e-08,0.03497936576604843],[-0.1435011774301529,0.9896500706672668,-8.940696716308594e-08,1.4002971649169922],[0.0,0.0,0.0,1.0]],1,"spine_02"]],1.5707964897155762,[3.5941535969641336e-08,0.015160121954977512,1.2676302194595337],[5.146326742533347e-08,0.03497936576604843,1.4002971649169922],[[-6.320951229099592e-08,1.1920928955078125e-07,1.0000001192092896,3.5941535969641336e-08],[0.9890245795249939,0.1477513462305069,3.5390257835388184e-08,0.015160121954977512],[-0.1477513462305069,0.9890246391296387,-1.9371509552001953e-07,1.2676302194595337],[0.0,0.0,0.0,1.0]],1,"spine_01"]],1.5707964897155762,[1.2925093884064154e-08,0.0016524679958820343,1.0755620002746582],[3.5941535969641336e-08,0.015160121954977512,1.2676302194595337],[[-5.14928579775642e-08,1.1920928955078125e-07,1.0,1.2925093884064154e-08],[0.9975361824035645,0.0701541006565094,3.67872416973114e-08,0.0016524679958820343],[-0.0701541006565094,0.9975361227989197,-2.086162567138672e-07,1.0755620002746582],[0.0,0.0,0.0,1.0]],1,"pelvis"],["thigh_r",[["calf_r",[["foot_r",[["ball_r",[],1.585240364074707,[-0.17908704280853271,-0.08355223387479782,0.028116703033447266],[-0.18816345930099487,-0.27913227677345276,0.019302986562252045],[[0.9988366365432739,-0.04631089046597481,-0.013857502490282059,-0.17908704280853271],[-0.04563524201512337,-0.9979144334793091,0.045656006783246994,-0.08355223387479782],[-0.015954412519931793,-0.04497050866484642,-0.998866617679596,0.028116703033447266],[0.0,0.0,0.0,1.0]],1,"foot_r"]],1.6311488151550293,[-0.1707627773284912,0.08073725551366806,0.1346569061279297],[-0.17908704280853271,-0.08355223387479782,0.028116703033447266],[[0.08285391330718994,-0.042473435401916504,0.9956560730934143,-0.1707627773284912],[-0.5451788902282715,-0.8382647037506104,0.00960800051689148,0.08073725551366806],[0.8342152237892151,-0.5436068177223206,-0.09260913729667664,0.1346569061279297],[0.0,0.0,0.0,1.0]],1,"calf_r"],["calf_twist_01_r",[],1.7035019397735596,[-0.15673990547657013,0.049968160688877106,0.32893505692481995],[-0.1791713386774063,0.10191632807254791,0.030890285968780518],[[-0.0702211856842041,-0.073941171169281,0.9947872161865234,-0.15673990547657013],[-0.9835966229438782,0.1712377965450287,-0.056703392416238785,0.049968160688877106],[-0.1661524772644043,-0.9824511408805847,-0.08475275337696075,0.32893505692481995],[0.0,0.0,0.0,1.0]],0,"calf_r"]],1.6953225135803223,[-0.14217862486839294,0.01801789551973343,0.5306713581085205],[-0.1707627773284912,0.08073725551366806,0.1346569061279297],[[-0.06352896988391876,-0.07111051678657532,0.9954432249069214,-0.14217862486839294],[-0.9863926768302917,0.15603074431419373,-0.051805153489112854,0.01801789551973343],[-0.15163585543632507,-0.9851890802383423,-0.08005528151988983,0.5306713581085205],[0.0,0.0,0.0,1.0]],1,"thigh_r"],["thigh_twist_01_r",[],1.7442971467971802,[-0.11710767447948456,0.011900469660758972,0.733818531036377],[-0.1566467583179474,0.021873969584703445,0.4130679666996002],[[-0.05421430245041847,-0.12228623032569885,0.9910130500793457,-0.11710767447948456],[-0.9982321858406067,0.03084597736597061,-0.05080300569534302,0.011900469660758972],[-0.024356260895729065,-0.9920153617858887,-0.12374231219291687,0.733818531036377],[0.0,0.0,0.0,1.0]],0,"thigh_r"]],1.8393592834472656,[-0.09005794674158096,0.005300223361700773,0.9529994130134583],[-0.14217862486839294,0.01801789551973343,0.5306713581085205],[[-0.1477818638086319,-0.12242884933948517,0.9814130067825317,-0.09005794674158096],[-0.98895263671875,0.02987316995859146,-0.14519049227237701,0.005300223361700773],[-0.011542394757270813,-0.9920273423194885,-0.12549088895320892,0.9529994130134583],[0.0,0.0,0.0,1.0]],0,"pelvis"],["thigh_l",[["calf_l",[["foot_l",[["ball_l",[],-1.585240125656128,[0.17908701300621033,-0.08355221152305603,0.028116919100284576],[0.18816342949867249,-0.2791323661804199,0.019303198903799057],[[0.9988069534301758,0.04631085693836212,0.013886230066418648,0.17908701300621033],[0.045632459223270416,-0.9979142546653748,0.04565867409110069,-0.08355221152305603],[0.015924258157610893,-0.044970493763685226,-0.9988374710083008,0.028116919100284576],[0.0,0.0,0.0,1.0]],1,"foot_l"]],-1.631152629852295,[0.17076274752616882,0.08073724806308746,0.1346571147441864],[0.17908701300621033,-0.08355221152305603,0.028116919100284576],[[0.08285018056631088,0.042473405599594116,-0.9956568479537964,0.17076274752616882],[0.545179009437561,-0.8382647037506104,0.009605735540390015,0.08073724806308746],[-0.8342156410217285,-0.5436068773269653,-0.0926060825586319,0.1346571147441864],[0.0,0.0,0.0,1.0]],1,"calf_l"],["calf_twist_01_l",[],-1.7035106420516968,[0.15673987567424774,0.04996815323829651,0.32893526554107666],[0.17917130887508392,0.10191631317138672,0.03089049458503723],[[-0.07022984325885773,0.0739412009716034,-0.9947865605354309,0.15673987567424774],[0.9835960268974304,0.1712377816438675,-0.05671194940805435,0.04996815323829651],[0.1661517173051834,-0.9824510812759399,-0.08475419878959656,0.32893526554107666],[0.0,0.0,0.0,1.0]],0,"calf_l"]],-1.6953299045562744,[0.14217859506607056,0.018017888069152832,0.5306715965270996],[0.17076274752616882,0.08073724806308746,0.1346571147441864],[[-0.06353632360696793,0.07111051678657532,-0.9954429268836975,0.14217859506607056],[0.9863922595977783,0.15603074431419373,-0.051812440156936646,0.018017888069152832],[0.1516352891921997,-0.9851892590522766,-0.08005650341510773,0.5306715965270996],[0.0,0.0,0.0,1.0]],1,"thigh_l"],["thigh_twist_01_l",[],-1.7443045377731323,[0.11710765957832336,0.011900462210178375,0.7338186502456665],[0.1566467583179474,0.02187396213412285,0.41306808590888977],[[-0.05422158166766167,0.12228628247976303,-0.9910125732421875,0.11710765957832336],[0.9982318878173828,0.03084597736597061,-0.0508103147149086,0.011900462210178375],[0.02435535192489624,-0.9920154213905334,-0.12374255061149597,0.7338186502456665],[0.0,0.0,0.0,1.0]],0,"thigh_l"]],-1.8393665552139282,[0.09005794674158096,0.005300224293023348,0.9529994130134583],[0.14217859506607056,0.018017888069152832,0.5306715965270996],[[-0.14778897166252136,0.12242886424064636,-0.9814119935035706,0.09005794674158096],[0.9889515042304993,0.029873177409172058,-0.14519770443439484,0.005300224293023348],[0.011541508138179779,-0.9920275211334229,-0.12549112737178802,0.9529994130134583],[0.0,0.0,0.0,1.0]],0,"pelvis"]],1.5707964897155762,[1.3536828374860348e-30,0.010561523027718067,0.9675050973892212],[1.2925093884064154e-08,0.0016524679958820343,1.0755620002746582],[[-3.3478361416428015e-08,1.1920928955078125e-07,1.0000001192092896,1.3536828374860348e-30],[0.9966184496879578,-0.08216900378465652,4.6566128730773926e-08,0.010561523027718067],[0.08216901123523712,0.9966184496879578,-1.564621925354004e-07,0.9675050973892212],[0.0,0.0,0.0,1.0]],0,null]]'''


_JSON = None


def _load_data():
    global _JSON
    if _JSON:
        return _JSON

    import json
    _JSON = json.loads(_DATA)
    return _JSON


SCHEMA = {
    'id': 'pose-t',
    'name': 'T-Pose',
    'load_data': _load_data
}
