_DATA = '''[["pelvis", [["spine_01", [["spine_02", [["spine_03", [["neck_01", [["head", [], 1.5707964897155762, [8.26385075924918e-08, 0.039776287972927094, 1.655158519744873], [9.380105581158205e-08, 0.0419171042740345, 1.7480412721633911], [[-4.551099053173857e-08, 1.1920928955078125e-07, 0.9999999403953552, 8.26385075924918e-08], [0.9997344613075256, 0.02304246462881565, 4.3422915041446686e-08, 0.039776287972927094], [-0.02304246835410595, 0.9997343420982361, -9.12696123123169e-08, 1.655158519744873], [0.0, 0.0, 0.0, 1.0]], 1, "neck_01"]], 1.5707964897155762, [7.170363147679382e-08, 0.058746833354234695, 1.5642085075378418], [8.26385075924918e-08, 0.039776287972927094, 1.655158519744873], [[-1.8141772528679212e-08, 1.043081283569336e-07, 1.0, 7.170363147679382e-08], [0.9789317846298218, -0.20418766140937805, 4.0978193283081055e-08, 0.058746833354234695], [0.20418767631053925, 0.9789317846298218, -7.450580596923828e-08, 1.5642085075378418], [0.0, 0.0, 0.0, 1.0]], 1, "spine_03"], ["clavicle_l", [["upperarm_l", [["lowerarm_l", [["hand_l", [["index_01_l", [["index_02_l", [["index_03_l", [], -2.9195334911346436, [0.6543610095977783, -0.0876237004995346, 0.9683972597122192], [0.6659091114997864, -0.09777774661779404, 0.9381430149078369], [[-0.718957781791687, 0.3402712941169739, -0.6060652732849121, 0.6543610095977783], [0.5282499194145203, -0.29919466376304626, -0.7946285605430603, -0.0876237004995346], [-0.45172080397605896, -0.89145827293396, 0.03536003828048706, 0.9683972597122192], [0.0, 0.0, 0.0, 1.0]], 1, "index_02_l"]], -2.77478289604187, [0.6467203497886658, -0.08094818890094757, 1.000783085823059], [0.6543610095977783, -0.0876237004995346, 0.9683972597122192], [[-0.7786597013473511, 0.2251361608505249, -0.5856643319129944, 0.6467203497886658], [0.5523965358734131, -0.19669754803180695, -0.8100419640541077, -0.08094818890094757], [-0.29756858944892883, -0.9542657136917114, 0.02879614382982254, 1.000783085823059], [0.0, 0.0, 0.0, 1.0]], 1, "index_01_l"]], -3.0243678092956543, [0.6304226517677307, -0.06766387820243835, 1.0381485223770142], [0.6467203497886658, -0.08094818890094757, 1.000783085823059], [[-0.7290750741958618, 0.38012152910232544, -0.5691723823547363, 0.6304226517677307], [0.47944000363349915, -0.30983832478523254, -0.8210587501525879, -0.06766387820243835], [-0.48845353722572327, -0.8714975118637085, 0.043650027364492416, 1.0381485223770142], [0.0, 0.0, 0.0, 1.0]], 0, "hand_l"], ["middle_01_l", [["middle_02_l", [["middle_03_l", [], 2.833635091781616, [0.6743491291999817, -0.06542190909385681, 0.9606489539146423], [0.6927570700645447, -0.07342151552438736, 0.9301767945289612], [[-0.8058792352676392, 0.5044884085655212, -0.3099195957183838, 0.6743491291999817], [0.2276187241077423, -0.21923741698265076, -0.9487490653991699, -0.06542190909385681], [-0.5465787649154663, -0.8351206183433533, 0.06184781715273857, 0.9606489539146423], [0.0, 0.0, 0.0, 1.0]], 1, "middle_02_l"]], -3.102602958679199, [0.6653078198432922, -0.05724926292896271, 0.9950417876243591], [0.6743491291999817, -0.06542190909385681, 0.9606489539146423], [[-0.9084498286247253, 0.247785747051239, -0.33663201332092285, 0.6653078198432922], [0.2843385934829712, -0.22397921979427338, -0.9321936368942261, -0.05724926292896271], [-0.3063828945159912, -0.9425685405731201, 0.13301882147789001, 0.9950417876243591], [0.0, 0.0, 0.0, 1.0]], 1, "middle_01_l"]], 2.9473743438720703, [0.6448999047279358, -0.04479476064443588, 1.034812569618225], [0.6653078198432922, -0.05724926292896271, 0.9950417876243591], [[-0.821232795715332, 0.4397895932197571, -0.3635405898094177, 0.6448999047279358], [0.2661091089248657, -0.26839393377304077, -0.9258241057395935, -0.04479476064443588], [-0.5047401189804077, -0.8570584058761597, 0.1033819317817688, 1.034812569618225], [0.0, 0.0, 0.0, 1.0]], 0, "hand_l"], ["pinky_01_l", [["pinky_02_l", [["pinky_03_l", [], 2.7232272624969482, [0.6701238751411438, -0.003546050749719143, 0.9723911285400391], [0.6804247498512268, -0.00786273181438446, 0.9447025656700134], [[-0.938563346862793, 0.34501510858535767, 0.007947668433189392, 0.6701238751411438], [-0.06151105463504791, -0.1445818841457367, -0.9875789880752563, -0.003546050749719143], [-0.3395807147026062, -0.9273942112922668, 0.15692171454429626, 0.9723911285400391], [0.0, 0.0, 0.0, 1.0]], 1, "pinky_02_l"]], 2.7011656761169434, [0.6593707799911499, -0.001265909755602479, 1.000150203704834], [0.6701238751411438, -0.003546050749719143, 0.9723911285400391], [[-0.9320948719978333, 0.360162615776062, 0.03849739208817482, 0.6593707799911499], [-0.07058779895305634, -0.07637070119380951, -0.9945777654647827, -0.001265909755602479], [-0.3552696108818054, -0.9297583103179932, 0.0966077670454979, 1.000150203704834], [0.0, 0.0, 0.0, 1.0]], 1, "pinky_01_l"]], 2.467341899871826, [0.6402496099472046, 0.0015892361989244819, 1.0301740169525146], [0.6593707799911499, -0.001265909755602479, 1.000150203704834], [[-0.8432244062423706, 0.5354577302932739, 0.04751311242580414, 0.6402496099472046], [-0.10661610215902328, -0.07995377480983734, -0.9910804033279419, 0.0015892361989244819], [-0.5268828272819519, -0.8407688140869141, 0.12450748682022095, 1.0301740169525146], [0.0, 0.0, 0.0, 1.0]], 0, "hand_l"], ["ring_01_l", [["ring_02_l", [["ring_03_l", [], 2.6831960678100586, [0.6743404269218445, -0.03550178185105324, 0.9587307572364807], [0.6898332238197327, -0.04335155338048935, 0.9286133050918579], [[-0.8873914480209351, 0.44562476873397827, -0.1181311160326004, 0.6743404269218445], [0.016282126307487488, -0.2257857322692871, -0.9740408062934875, -0.03550178185105324], [-0.4607291519641876, -0.866278886795044, 0.19310466945171356, 0.9587307572364807], [0.0, 0.0, 0.0, 1.0]], 1, "ring_02_l"]], 2.955282688140869, [0.6659221649169922, -0.029754720628261566, 0.9919695258140564], [0.6743404269218445, -0.03550178185105324, 0.9587307572364807], [[-0.9650417566299438, 0.24213702976703644, -0.10032013058662415, 0.6659221649169922], [0.060852497816085815, -0.16530448198318481, -0.9843635559082031, -0.029754720628261566], [-0.2549341917037964, -0.9560566544532776, 0.14479097723960876, 0.9919695258140564], [0.0, 0.0, 0.0, 1.0]], 1, "ring_01_l"]], 2.6679599285125732, [0.6457555890083313, -0.02082636207342148, 1.0303914546966553], [0.6659221649169922, -0.029754720628261566, 0.9919695258140564], [[-0.8844931721687317, 0.45520877838134766, -0.10225848853588104, 0.6457555890083313], [0.009514089673757553, -0.20153480768203735, -0.97943514585495, -0.02082636207342148], [-0.4664561152458191, -0.8672766089439392, 0.1739252805709839, 1.0303914546966553], [0.0, 0.0, 0.0, 1.0]], 0, "hand_l"], ["thumb_01_l", [["thumb_02_l", [["thumb_03_l", [], -0.6878134608268738, [0.5778412222862244, -0.09566140919923782, 1.0226205587387085], [0.5742575526237488, -0.12557534873485565, 0.9953730702400208], [[0.6073033809661865, -0.08822083473205566, -0.789556622505188, 0.5778412222862244], [0.49399667978286743, -0.7364053130149841, 0.4622495174407959, -0.09566140919923782], [-0.6222137212753296, -0.6707639694213867, -0.4036405682563782, 1.0226205587387085], [0.0, 0.0, 0.0, 1.0]], 1, "thumb_02_l"]], -1.0431702136993408, [0.5760741829872131, -0.07076846808195114, 1.0546725988388062], [0.5778412222862244, -0.09566140919923782, 1.0226205587387085], [[0.5776127576828003, 0.04349997639656067, -0.8151512145996094, 0.5760741829872131], [0.6598321199417114, -0.612800657749176, 0.434852659702301, -0.07076846808195114], [-0.48060905933380127, -0.7890393733978271, -0.3826642632484436, 1.0546725988388062], [0.0, 0.0, 0.0, 1.0]], 1, "thumb_01_l"]], -1.0562247037887573, [0.5747793912887573, -0.03876643627882004, 1.0763897895812988], [0.5760741829872131, -0.07076846808195114, 1.0546725988388062], [[0.583462119102478, 0.03345990180969238, -0.8114509582519531, 0.5747793912887573], [0.4720711410045624, -0.8269941210746765, 0.3053351044654846, -0.03876643627882004], [-0.6608485579490662, -0.5612140893936157, -0.49831533432006836, 1.0763897895812988], [0.0, 0.0, 0.0, 1.0]], 0, "hand_l"]], 2.3450405597686768, [0.5664597153663635, 0.0033520194701850414, 1.116795301437378], [0.6406424641609192, -0.04436469078063965, 1.054636001586914], [[-0.614357054233551, 0.6874746084213257, -0.3872262239456177, 0.5664597153663635], [0.0688193142414093, -0.4422055780887604, -0.8942697048187256, 0.0033520194701850414], [-0.7860211730003357, -0.5760495066642761, 0.2243606150150299, 1.116795301437378], [0.0, 0.0, 0.0, 1.0]], 1, "lowerarm_l"], ["lowerarm_twist_01_l", [], -2.672248601913452, [0.47323453426361084, 0.059030238538980484, 1.187819242477417], [0.6204357743263245, -0.02888493612408638, 1.0756734609603882], [[0.22621244192123413, 0.7184914350509644, -0.657721996307373, 0.47323453426361084], [0.8883804678916931, -0.4291152358055115, -0.1632191240787506, 0.059030238538980484], [-0.3995099663734436, -0.5473852157592773, -0.7353648543357849, 1.187819242477417], [0.0, 0.0, 0.0, 1.0]], 0, "lowerarm_l"]], -2.6722471714019775, [0.37264585494995117, 0.11910632997751236, 1.2644531726837158], [0.5664597153663635, 0.0033520194701850414, 1.116795301437378], [[0.22621291875839233, 0.7184911966323853, -0.6577220559120178, 0.37264585494995117], [0.8883806467056274, -0.42911505699157715, -0.16321823000907898, 0.11910632997751236], [-0.3995092511177063, -0.5473854541778564, -0.7353649735450745, 1.2644531726837158], [0.0, 0.0, 0.0, 1.0]], 1, "upperarm_l"], ["upperarm_twist_01_l", [], -2.301622152328491, [0.18022625148296356, 0.09747245162725449, 1.4914966821670532], [0.27966025471687317, 0.10865189880132675, 1.3741705417633057], [[-0.06804952025413513, 0.6448391675949097, -0.7612828016281128, 0.18022625148296356], [0.9969833493232727, 0.07249981164932251, -0.027707785367965698, 0.09747245162725449], [0.037325650453567505, -0.7608714699745178, -0.6478277444839478, 1.4914966821670532], [0.0, 0.0, 0.0, 1.0]], 0, "upperarm_l"]], -2.301622152328491, [0.17700207233428955, 0.09710995852947235, 1.4953010082244873], [0.37264585494995117, 0.11910632997751236, 1.2644531726837158], [[-0.0680493712425232, 0.6448392868041992, -0.7612825632095337, 0.17700207233428955], [0.9969834089279175, 0.07249975204467773, -0.02770763635635376, 0.09710995852947235], [0.037325769662857056, -0.7608714699745178, -0.6478279232978821, 1.4953010082244873], [0.0, 0.0, 0.0, 1.0]], 1, "clavicle_l"]], -3.0362796783447266, [0.037819862365722656, 0.027603916823863983, 1.5220106840133667], [0.17700207233428955, 0.09710995852947235, 1.4953010082244873], [[-0.4467737674713135, 0.8817448616027832, -0.15139049291610718, 0.037819862365722656], [0.8946468830108643, 0.4403335452079773, -0.07558560371398926, 0.027603916823863983], [1.5087425708770752e-05, -0.16921070218086243, -0.9855798482894897, 1.5220106840133667], [0.0, 0.0, 0.0, 1.0]], 0, "spine_03"], ["clavicle_r", [["upperarm_r", [["lowerarm_r", [["hand_r", [["index_01_r", [["index_02_r", [["index_03_r", [], 2.9195334911346436, [-0.6543610095977783, -0.0876237004995346, 0.9683972597122192], [-0.6659091114997864, -0.09777774661779404, 0.9381430149078369], [[-0.718957781791687, -0.3402712941169739, 0.6060652732849121, -0.6543610095977783], [-0.5282499194145203, -0.29919466376304626, -0.7946285605430603, -0.0876237004995346], [0.45172080397605896, -0.89145827293396, 0.03536003828048706, 0.9683972597122192], [0.0, 0.0, 0.0, 1.0]], 1, "index_02_r"]], 2.77478289604187, [-0.6467203497886658, -0.08094818890094757, 1.000783085823059], [-0.6543610095977783, -0.0876237004995346, 0.9683972597122192], [[-0.7786597013473511, -0.2251361608505249, 0.5856643319129944, -0.6467203497886658], [-0.5523965358734131, -0.19669754803180695, -0.8100419640541077, -0.08094818890094757], [0.29756858944892883, -0.9542657136917114, 0.02879614382982254, 1.000783085823059], [0.0, 0.0, 0.0, 1.0]], 1, "index_01_r"]], 3.0243678092956543, [-0.6304226517677307, -0.06766387820243835, 1.0381485223770142], [-0.6467203497886658, -0.08094818890094757, 1.000783085823059], [[-0.7290750741958618, -0.38012152910232544, 0.5691723823547363, -0.6304226517677307], [-0.47944000363349915, -0.30983832478523254, -0.8210587501525879, -0.06766387820243835], [0.48845353722572327, -0.8714975118637085, 0.043650027364492416, 1.0381485223770142], [0.0, 0.0, 0.0, 1.0]], 0, "hand_r"], ["middle_01_r", [["middle_02_r", [["middle_03_r", [], -2.833635091781616, [-0.6743491291999817, -0.06542190909385681, 0.9606489539146423], [-0.6927570700645447, -0.07342151552438736, 0.9301767945289612], [[-0.8058792352676392, -0.5044884085655212, 0.3099195957183838, -0.6743491291999817], [-0.2276187241077423, -0.21923741698265076, -0.9487490653991699, -0.06542190909385681], [0.5465787649154663, -0.8351206183433533, 0.06184781715273857, 0.9606489539146423], [0.0, 0.0, 0.0, 1.0]], 1, "middle_02_r"]], 3.102602958679199, [-0.6653078198432922, -0.05724926292896271, 0.9950417876243591], [-0.6743491291999817, -0.06542190909385681, 0.9606489539146423], [[-0.9084498286247253, -0.247785747051239, 0.33663201332092285, -0.6653078198432922], [-0.2843385934829712, -0.22397921979427338, -0.9321936368942261, -0.05724926292896271], [0.3063828945159912, -0.9425685405731201, 0.13301882147789001, 0.9950417876243591], [0.0, 0.0, 0.0, 1.0]], 1, "middle_01_r"]], -2.9473743438720703, [-0.6448999047279358, -0.04479476064443588, 1.034812569618225], [-0.6653078198432922, -0.05724926292896271, 0.9950417876243591], [[-0.821232795715332, -0.4397895932197571, 0.3635405898094177, -0.6448999047279358], [-0.2661091089248657, -0.26839393377304077, -0.9258241057395935, -0.04479476064443588], [0.5047401189804077, -0.8570584058761597, 0.1033819317817688, 1.034812569618225], [0.0, 0.0, 0.0, 1.0]], 0, "hand_r"], ["pinky_01_r", [["pinky_02_r", [["pinky_03_r", [], -2.7232272624969482, [-0.6701238751411438, -0.003546050749719143, 0.9723911285400391], [-0.6804247498512268, -0.00786273181438446, 0.9447025656700134], [[-0.938563346862793, -0.34501510858535767, -0.007947668433189392, -0.6701238751411438], [0.06151105463504791, -0.1445818841457367, -0.9875789880752563, -0.003546050749719143], [0.3395807147026062, -0.9273942112922668, 0.15692171454429626, 0.9723911285400391], [0.0, 0.0, 0.0, 1.0]], 1, "pinky_02_r"]], -2.7011656761169434, [-0.6593707799911499, -0.001265909755602479, 1.000150203704834], [-0.6701238751411438, -0.003546050749719143, 0.9723911285400391], [[-0.9320948719978333, -0.360162615776062, -0.03849739208817482, -0.6593707799911499], [0.07058779895305634, -0.07637070119380951, -0.9945777654647827, -0.001265909755602479], [0.3552696108818054, -0.9297583103179932, 0.0966077670454979, 1.000150203704834], [0.0, 0.0, 0.0, 1.0]], 1, "pinky_01_r"]], -2.467341899871826, [-0.6402496099472046, 0.0015892361989244819, 1.0301740169525146], [-0.6593707799911499, -0.001265909755602479, 1.000150203704834], [[-0.8432244062423706, -0.5354577302932739, -0.04751311242580414, -0.6402496099472046], [0.10661610215902328, -0.07995377480983734, -0.9910804033279419, 0.0015892361989244819], [0.5268828272819519, -0.8407688140869141, 0.12450748682022095, 1.0301740169525146], [0.0, 0.0, 0.0, 1.0]], 0, "hand_r"], ["ring_01_r", [["ring_02_r", [["ring_03_r", [], -2.6831960678100586, [-0.6743404269218445, -0.03550178185105324, 0.9587307572364807], [-0.6898332238197327, -0.04335155338048935, 0.9286133050918579], [[-0.8873914480209351, -0.44562476873397827, 0.1181311160326004, -0.6743404269218445], [-0.016282126307487488, -0.2257857322692871, -0.9740408062934875, -0.03550178185105324], [0.4607291519641876, -0.866278886795044, 0.19310466945171356, 0.9587307572364807], [0.0, 0.0, 0.0, 1.0]], 1, "ring_02_r"]], -2.955282688140869, [-0.6659221649169922, -0.029754720628261566, 0.9919695258140564], [-0.6743404269218445, -0.03550178185105324, 0.9587307572364807], [[-0.9650417566299438, -0.24213702976703644, 0.10032013058662415, -0.6659221649169922], [-0.060852497816085815, -0.16530448198318481, -0.9843635559082031, -0.029754720628261566], [0.2549341917037964, -0.9560566544532776, 0.14479097723960876, 0.9919695258140564], [0.0, 0.0, 0.0, 1.0]], 1, "ring_01_r"]], -2.6679599285125732, [-0.6457555890083313, -0.02082636207342148, 1.0303914546966553], [-0.6659221649169922, -0.029754720628261566, 0.9919695258140564], [[-0.8844931721687317, -0.45520877838134766, 0.10225848853588104, -0.6457555890083313], [-0.009514089673757553, -0.20153480768203735, -0.97943514585495, -0.02082636207342148], [0.4664561152458191, -0.8672766089439392, 0.1739252805709839, 1.0303914546966553], [0.0, 0.0, 0.0, 1.0]], 0, "hand_r"], ["thumb_01_r", [["thumb_02_r", [["thumb_03_r", [], 0.6878134608268738, [-0.5778412222862244, -0.09566140919923782, 1.0226205587387085], [-0.5742575526237488, -0.12557534873485565, 0.9953730702400208], [[0.6073033809661865, 0.08822083473205566, 0.789556622505188, -0.5778412222862244], [-0.49399667978286743, -0.7364053130149841, 0.4622495174407959, -0.09566140919923782], [0.6222137212753296, -0.6707639694213867, -0.4036405682563782, 1.0226205587387085], [0.0, 0.0, 0.0, 1.0]], 1, "thumb_02_r"]], 1.0431702136993408, [-0.5760741829872131, -0.07076846808195114, 1.0546725988388062], [-0.5778412222862244, -0.09566140919923782, 1.0226205587387085], [[0.5776127576828003, -0.04349997639656067, 0.8151512145996094, -0.5760741829872131], [-0.6598321199417114, -0.612800657749176, 0.434852659702301, -0.07076846808195114], [0.48060905933380127, -0.7890393733978271, -0.3826642632484436, 1.0546725988388062], [0.0, 0.0, 0.0, 1.0]], 1, "thumb_01_r"]], 1.0562247037887573, [-0.5747793912887573, -0.03876643627882004, 1.0763897895812988], [-0.5760741829872131, -0.07076846808195114, 1.0546725988388062], [[0.583462119102478, -0.03345990180969238, 0.8114509582519531, -0.5747793912887573], [-0.4720711410045624, -0.8269941210746765, 0.3053351044654846, -0.03876643627882004], [0.6608485579490662, -0.5612140893936157, -0.49831533432006836, 1.0763897895812988], [0.0, 0.0, 0.0, 1.0]], 0, "hand_r"]], -2.3450405597686768, [-0.5664597153663635, 0.0033520194701850414, 1.116795301437378], [-0.6406424641609192, -0.04436469078063965, 1.054636001586914], [[-0.614357054233551, -0.6874746084213257, 0.3872262239456177, -0.5664597153663635], [-0.0688193142414093, -0.4422055780887604, -0.8942697048187256, 0.0033520194701850414], [0.7860211730003357, -0.5760495066642761, 0.2243606150150299, 1.116795301437378], [0.0, 0.0, 0.0, 1.0]], 1, "lowerarm_r"], ["lowerarm_twist_01_r", [], 2.672248601913452, [-0.47323453426361084, 0.059030238538980484, 1.187819242477417], [-0.6204357743263245, -0.02888493612408638, 1.0756734609603882], [[0.22621244192123413, -0.7184914350509644, 0.657721996307373, -0.47323453426361084], [-0.8883804678916931, -0.4291152358055115, -0.1632191240787506, 0.059030238538980484], [0.3995099663734436, -0.5473852157592773, -0.7353648543357849, 1.187819242477417], [0.0, 0.0, 0.0, 1.0]], 0, "lowerarm_r"]], 2.6722471714019775, [-0.37264585494995117, 0.11910632997751236, 1.2644531726837158], [-0.5664597153663635, 0.0033520194701850414, 1.116795301437378], [[0.22621291875839233, -0.7184911966323853, 0.6577220559120178, -0.37264585494995117], [-0.8883806467056274, -0.42911505699157715, -0.16321823000907898, 0.11910632997751236], [0.3995092511177063, -0.5473854541778564, -0.7353649735450745, 1.2644531726837158], [0.0, 0.0, 0.0, 1.0]], 1, "upperarm_r"], ["upperarm_twist_01_r", [], 2.301622152328491, [-0.18022625148296356, 0.09747245162725449, 1.4914966821670532], [-0.27966025471687317, 0.10865189880132675, 1.3741705417633057], [[-0.06804952025413513, -0.6448391675949097, 0.7612828016281128, -0.18022625148296356], [-0.9969833493232727, 0.07249981164932251, -0.027707785367965698, 0.09747245162725449], [-0.037325650453567505, -0.7608714699745178, -0.6478277444839478, 1.4914966821670532], [0.0, 0.0, 0.0, 1.0]], 0, "upperarm_r"]], 2.301622152328491, [-0.17700207233428955, 0.09710995852947235, 1.4953010082244873], [-0.37264585494995117, 0.11910632997751236, 1.2644531726837158], [[-0.0680493712425232, -0.6448392868041992, 0.7612825632095337, -0.17700207233428955], [-0.9969834089279175, 0.07249975204467773, -0.02770763635635376, 0.09710995852947235], [-0.037325769662857056, -0.7608714699745178, -0.6478279232978821, 1.4953010082244873], [0.0, 0.0, 0.0, 1.0]], 1, "clavicle_r"]], 3.0362796783447266, [-0.037819862365722656, 0.027603916823863983, 1.5220106840133667], [-0.17700207233428955, 0.09710995852947235, 1.4953010082244873], [[-0.4467737674713135, -0.8817448616027832, 0.15139049291610718, -0.037819862365722656], [-0.8946468830108643, 0.4403335452079773, -0.07558560371398926, 0.027603916823863983], [-1.5087425708770752e-05, -0.16921070218086243, -0.9855798482894897, 1.5220106840133667], [0.0, 0.0, 0.0, 1.0]], 0, "spine_03"]], 1.5707964897155762, [5.1412698098829424e-08, 0.03497936576604843, 1.4002971649169922], [7.170363147679382e-08, 0.058746833354234695, 1.5642085075378418], [[-5.6892879740644275e-08, 1.1920928955078125e-07, 1.0, 5.1412698098829424e-08], [0.9896501302719116, 0.14350122213363647, 5.029141902923584e-08, 0.03497936576604843], [-0.14350122213363647, 0.9896500706672668, -7.450580596923828e-08, 1.4002971649169922], [0.0, 0.0, 0.0, 1.0]], 1, "spine_02"]], 1.5707964897155762, [3.547263460745853e-08, 0.015160123817622662, 1.2676302194595337], [5.1412698098829424e-08, 0.03497936576604843, 1.4002971649169922], [[-6.052216150465028e-08, 1.1920928955078125e-07, 1.0000001192092896, 3.547263460745853e-08], [0.9890245795249939, 0.1477513462305069, 3.166496753692627e-08, 0.015160123817622662], [-0.1477513313293457, 0.9890246391296387, -1.7881393432617188e-07, 1.2676302194595337], [0.0, 0.0, 0.0, 1.0]], 1, "spine_01"]], 1.5707964897155762, [1.298866703081103e-08, 0.0016524681122973561, 1.0755620002746582], [3.547263460745853e-08, 0.015160123817622662, 1.2676302194595337], [[-5.4070696364760806e-08, 1.1920928955078125e-07, 1.0, 1.298866703081103e-08], [0.9975361824035645, 0.07015410810709, 3.91155481338501e-08, 0.0016524681122973561], [-0.07015410810709, 0.9975361227989197, -2.1606683731079102e-07, 1.0755620002746582], [0.0, 0.0, 0.0, 1.0]], 1, "pelvis"], ["thigh_r", [["calf_r", [["foot_r", [["ball_r", [], 1.5852450132369995, [-0.17908704280853271, -0.08355222642421722, 0.028116783127188683], [-0.18816344439983368, -0.27913233637809753, 0.019303083419799805], [[0.9988324046134949, -0.04631078988313675, -0.013857252895832062, -0.17908704280853271], [-0.045634958893060684, -0.9979142546653748, 0.04565608501434326, -0.08355222642421722], [-0.015945641323924065, -0.044970400631427765, -0.9988625049591064, 0.028116783127188683], [0.0, 0.0, 0.0, 1.0]], 1, "foot_r"]], 1.6311498880386353, [-0.17076276242733002, 0.08073724806308746, 0.13465695083141327], [-0.17908704280853271, -0.08355222642421722, 0.028116783127188683], [[0.08285316079854965, -0.04247346520423889, 0.9956560134887695, -0.17076276242733002], [-0.5451787710189819, -0.8382647037506104, 0.009607672691345215, 0.08073724806308746], [0.8342154026031494, -0.5436066389083862, -0.09260847419500351, 0.13465695083141327], [0.0, 0.0, 0.0, 1.0]], 1, "calf_r"], ["calf_twist_01_r", [], 1.703505277633667, [-0.15673989057540894, 0.04996815323829651, 0.3289351463317871], [-0.1791713386774063, 0.10191631317138672, 0.030890434980392456], [[-0.07022444903850555, -0.07394123077392578, 0.9947869777679443, -0.15673989057540894], [-0.9835963845252991, 0.17123782634735107, -0.056706614792346954, 0.04996815323829651], [-0.1661522090435028, -0.9824512004852295, -0.08475342392921448, 0.3289351463317871], [0.0, 0.0, 0.0, 1.0]], 0, "calf_r"]], 1.6953251361846924, [-0.14217862486839294, 0.01801789179444313, 0.5306713581085205], [-0.17076276242733002, 0.08073724806308746, 0.13465695083141327], [[-0.06353159248828888, -0.07111050188541412, 0.9954430460929871, -0.14217862486839294], [-0.9863925576210022, 0.1560307741165161, -0.051807746291160583, 0.01801789179444313], [-0.15163567662239075, -0.9851890802383423, -0.08005568385124207, 0.5306713581085205], [0.0, 0.0, 0.0, 1.0]], 1, "thigh_r"], ["thigh_twist_01_r", [], 1.7442997694015503, [-0.11710766702890396, 0.011900460347533226, 0.7338185906410217], [-0.15664677321910858, 0.021873963996767998, 0.4130679965019226], [[-0.054216865450143814, -0.12228627502918243, 0.9910128116607666, -0.11710766702890396], [-0.9982320070266724, 0.03084597736597061, -0.05080554634332657, 0.011900460347533226], [-0.0243559330701828, -0.9920152425765991, -0.12374234944581985, 0.7338185906410217], [0.0, 0.0, 0.0, 1.0]], 0, "thigh_r"]], 1.8393620252609253, [-0.09005794674158096, 0.005300223361700773, 0.9529994130134583], [-0.14217862486839294, 0.01801789179444313, 0.5306713581085205], [[-0.14778456091880798, -0.12242884933948517, 0.9814125895500183, -0.09005794674158096], [-0.9889521598815918, 0.029873155057430267, -0.1451932191848755, 0.005300223361700773], [-0.011542029678821564, -0.992027223110199, -0.12549090385437012, 0.9529994130134583], [0.0, 0.0, 0.0, 1.0]], 0, "pelvis"], ["thigh_l", [["calf_l", [["foot_l", [["ball_l", [], -1.5852450132369995, [0.17908704280853271, -0.08355222642421722, 0.028116783127188683], [0.18816344439983368, -0.27913233637809753, 0.019303083419799805], [[0.9988324046134949, 0.04631078988313675, 0.013857252895832062, 0.17908704280853271], [0.045634958893060684, -0.9979142546653748, 0.04565608501434326, -0.08355222642421722], [0.015945641323924065, -0.044970400631427765, -0.9988625049591064, 0.028116783127188683], [0.0, 0.0, 0.0, 1.0]], 1, "foot_l"]], -1.6311498880386353, [0.17076276242733002, 0.08073724806308746, 0.13465695083141327], [0.17908704280853271, -0.08355222642421722, 0.028116783127188683], [[0.08285316079854965, 0.04247346520423889, -0.9956560134887695, 0.17076276242733002], [0.5451787710189819, -0.8382647037506104, 0.009607672691345215, 0.08073724806308746], [-0.8342154026031494, -0.5436066389083862, -0.09260847419500351, 0.13465695083141327], [0.0, 0.0, 0.0, 1.0]], 1, "calf_l"], ["calf_twist_01_l", [], -1.703505277633667, [0.15673989057540894, 0.04996815323829651, 0.3289351463317871], [0.1791713386774063, 0.10191631317138672, 0.030890434980392456], [[-0.07022444903850555, 0.07394123077392578, -0.9947869777679443, 0.15673989057540894], [0.9835963845252991, 0.17123782634735107, -0.056706614792346954, 0.04996815323829651], [0.1661522090435028, -0.9824512004852295, -0.08475342392921448, 0.3289351463317871], [0.0, 0.0, 0.0, 1.0]], 0, "calf_l"]], -1.6953251361846924, [0.14217862486839294, 0.01801789179444313, 0.5306713581085205], [0.17076276242733002, 0.08073724806308746, 0.13465695083141327], [[-0.06353159248828888, 0.07111050188541412, -0.9954430460929871, 0.14217862486839294], [0.9863925576210022, 0.1560307741165161, -0.051807746291160583, 0.01801789179444313], [0.15163567662239075, -0.9851890802383423, -0.08005568385124207, 0.5306713581085205], [0.0, 0.0, 0.0, 1.0]], 1, "thigh_l"], ["thigh_twist_01_l", [], -1.7442997694015503, [0.11710766702890396, 0.011900460347533226, 0.7338185906410217], [0.15664677321910858, 0.021873963996767998, 0.4130679965019226], [[-0.054216865450143814, 0.12228627502918243, -0.9910128116607666, 0.11710766702890396], [0.9982320070266724, 0.03084597736597061, -0.05080554634332657, 0.011900460347533226], [0.0243559330701828, -0.9920152425765991, -0.12374234944581985, 0.7338185906410217], [0.0, 0.0, 0.0, 1.0]], 0, "thigh_l"]], -1.8393620252609253, [0.09005794674158096, 0.005300223361700773, 0.9529994130134583], [0.14217862486839294, 0.01801789179444313, 0.5306713581085205], [[-0.14778456091880798, 0.12242884933948517, -0.9814125895500183, 0.09005794674158096], [0.9889521598815918, 0.029873155057430267, -0.1451932191848755, 0.005300223361700773], [0.011542029678821564, -0.992027223110199, -0.12549090385437012, 0.9529994130134583], [0.0, 0.0, 0.0, 1.0]], 0, "pelvis"]], 1.5707964897155762, [1.3536828374860348e-30, 0.010561523027718067, 0.9675050973892212], [1.298866703081103e-08, 0.0016524681122973561, 1.0755620002746582], [[-3.2841690256191214e-08, 1.1920928955078125e-07, 1.0000001192092896, 1.3536828374860348e-30], [0.9966184496879578, -0.08216900378465652, 4.6100467443466187e-08, 0.010561523027718067], [0.08216901123523712, 0.9966184496879578, -1.564621925354004e-07, 0.9675050973892212], [0.0, 0.0, 0.0, 1.0]], 0, null]]'''


_JSON = None


def _load_data():
    global _JSON
    if _JSON:
        return _JSON

    import json
    _JSON = json.loads(_DATA)
    return _JSON


SCHEMA = {
    'id': 'pose-a',
    'name': 'A-Pose',
    'load_data': _load_data
}
