_DATA = '''[["pelvis",[["spine_01",[["spine_02",[["spine_03",[["clavicle_l",[["upperarm_l",[["lowerarm_l",[["hand_l",[["index_01_l",[["index_02_l",[["index_03_l",[],-2.9195334911346436,[0.6543610095977783,-0.0876237004995346,0.9683972597122192],[0.6659091114997864,-0.09777774661779404,0.9381430149078369],[[-0.718957781791687,0.3402712941169739,-0.6060652732849121,0.6543610095977783],[0.5282499194145203,-0.29919466376304626,-0.7946285605430603,-0.0876237004995346],[-0.45172080397605896,-0.89145827293396,0.03536003828048706,0.9683972597122192],[0.0,0.0,0.0,1.0]],0,"index_02_l"]],-2.77478289604187,[0.6467203497886658,-0.08094818890094757,1.000783085823059],[0.6543610095977783,-0.0876237004995346,0.9683972597122192],[[-0.7786597013473511,0.2251361608505249,-0.5856643319129944,0.6467203497886658],[0.5523965358734131,-0.19669754803180695,-0.8100419640541077,-0.08094818890094757],[-0.29756858944892883,-0.9542657136917114,0.02879614382982254,1.000783085823059],[0.0,0.0,0.0,1.0]],0,"index_01_l"]],-3.0243678092956543,[0.6304226517677307,-0.06766387820243835,1.0381485223770142],[0.6467203497886658,-0.08094818890094757,1.000783085823059],[[-0.7290750741958618,0.38012152910232544,-0.5691723823547363,0.6304226517677307],[0.47944000363349915,-0.30983832478523254,-0.8210587501525879,-0.06766387820243835],[-0.48845353722572327,-0.8714975118637085,0.043650027364492416,1.0381485223770142],[0.0,0.0,0.0,1.0]],0,"hand_l"],["middle_01_l",[["middle_02_l",[["middle_03_l",[],2.833635091781616,[0.6743491291999817,-0.06542190909385681,0.9606489539146423],[0.6927570700645447,-0.07342151552438736,0.9301767945289612],[[-0.8058792352676392,0.5044884085655212,-0.3099195957183838,0.6743491291999817],[0.2276187241077423,-0.21923741698265076,-0.9487490653991699,-0.06542190909385681],[-0.5465787649154663,-0.8351206183433533,0.06184781715273857,0.9606489539146423],[0.0,0.0,0.0,1.0]],0,"middle_02_l"]],-3.102602958679199,[0.6653078198432922,-0.05724926292896271,0.9950417876243591],[0.6743491291999817,-0.06542190909385681,0.9606489539146423],[[-0.9084498286247253,0.247785747051239,-0.33663201332092285,0.6653078198432922],[0.2843385934829712,-0.22397921979427338,-0.9321936368942261,-0.05724926292896271],[-0.3063828945159912,-0.9425685405731201,0.13301882147789001,0.9950417876243591],[0.0,0.0,0.0,1.0]],0,"middle_01_l"]],2.9473743438720703,[0.6448999047279358,-0.04479476064443588,1.034812569618225],[0.6653078198432922,-0.05724926292896271,0.9950417876243591],[[-0.821232795715332,0.4397895932197571,-0.3635405898094177,0.6448999047279358],[0.2661091089248657,-0.26839393377304077,-0.9258241057395935,-0.04479476064443588],[-0.5047401189804077,-0.8570584058761597,0.1033819317817688,1.034812569618225],[0.0,0.0,0.0,1.0]],0,"hand_l"],["pinky_01_l",[["pinky_02_l",[["pinky_03_l",[],2.7232272624969482,[0.6701238751411438,-0.003546050749719143,0.9723911285400391],[0.6804247498512268,-0.00786273181438446,0.9447025656700134],[[-0.938563346862793,0.34501510858535767,0.007947668433189392,0.6701238751411438],[-0.06151105463504791,-0.1445818841457367,-0.9875789880752563,-0.003546050749719143],[-0.3395807147026062,-0.9273942112922668,0.15692171454429626,0.9723911285400391],[0.0,0.0,0.0,1.0]],0,"pinky_02_l"]],2.7011656761169434,[0.6593707799911499,-0.001265909755602479,1.000150203704834],[0.670123815536499,-0.0035460456274449825,0.9723911285400391],[[-0.932095468044281,0.36016079783439636,0.03849930316209793,0.6593707799911499],[-0.07058962434530258,-0.07637058943510056,-0.9945775866508484,-0.001265909755602479],[-0.3552677035331726,-0.9297589063644409,0.0966082364320755,1.000150203704834],[0.0,0.0,0.0,1.0]],0,"pinky_01_l"]],2.467341899871826,[0.6402496099472046,0.0015892361989244819,1.0301740169525146],[0.6593707799911499,-0.001265916507691145,1.000150203704834],[[-0.8432245254516602,0.5354576706886292,0.04751306772232056,0.6402496099472046],[-0.10661603510379791,-0.07995398342609406,-0.9910804033279419,0.0015892361989244819],[-0.5268827676773071,-0.8407688140869141,0.1245076060295105,1.0301740169525146],[0.0,0.0,0.0,1.0]],0,"hand_l"],["ring_01_l",[["ring_02_l",[["ring_03_l",[],2.6831960678100586,[0.6743404269218445,-0.03550178185105324,0.9587307572364807],[0.6898332238197327,-0.04335155338048935,0.9286133050918579],[[-0.8873914480209351,0.44562476873397827,-0.1181311160326004,0.6743404269218445],[0.016282126307487488,-0.2257857322692871,-0.9740408062934875,-0.03550178185105324],[-0.4607291519641876,-0.866278886795044,0.19310466945171356,0.9587307572364807],[0.0,0.0,0.0,1.0]],0,"ring_02_l"]],2.955282688140869,[0.6659221649169922,-0.029754720628261566,0.9919695258140564],[0.6743404269218445,-0.03550178185105324,0.9587307572364807],[[-0.9650417566299438,0.24213702976703644,-0.10032013058662415,0.6659221649169922],[0.060852497816085815,-0.16530448198318481,-0.9843635559082031,-0.029754720628261566],[-0.2549341917037964,-0.9560566544532776,0.14479097723960876,0.9919695258140564],[0.0,0.0,0.0,1.0]],0,"ring_01_l"]],2.6679599285125732,[0.6457555890083313,-0.02082636207342148,1.0303914546966553],[0.6659221649169922,-0.029754720628261566,0.9919695258140564],[[-0.8844931721687317,0.45520877838134766,-0.10225848853588104,0.6457555890083313],[0.009514089673757553,-0.20153480768203735,-0.97943514585495,-0.02082636207342148],[-0.4664561152458191,-0.8672766089439392,0.1739252805709839,1.0303914546966553],[0.0,0.0,0.0,1.0]],0,"hand_l"],["thumb_01_l",[["thumb_02_l",[["thumb_03_l",[],-0.6878134608268738,[0.5778412222862244,-0.09566140919923782,1.0226205587387085],[0.5742575526237488,-0.12557534873485565,0.9953730702400208],[[0.6073033809661865,-0.08822083473205566,-0.789556622505188,0.5778412222862244],[0.49399667978286743,-0.7364053130149841,0.4622495174407959,-0.09566140919923782],[-0.6222137212753296,-0.6707639694213867,-0.4036405682563782,1.0226205587387085],[0.0,0.0,0.0,1.0]],0,"thumb_02_l"]],-1.0431702136993408,[0.5760741829872131,-0.07076846808195114,1.0546725988388062],[0.5778412818908691,-0.09566151350736618,1.022620677947998],[[0.57761549949646,0.043501466512680054,-0.8151487708091736,0.5760741829872131],[0.6598293781280518,-0.61280357837677,0.43485283851623535,-0.07076846808195114],[-0.4806095361709595,-0.7890368700027466,-0.382668137550354,1.0546725988388062],[0.0,0.0,0.0,1.0]],0,"thumb_01_l"]],-1.0562247037887573,[0.5747793912887573,-0.03876643627882004,1.0763897895812988],[0.5760741829872131,-0.07076846808195114,1.0546725988388062],[[0.583462119102478,0.03345990180969238,-0.8114509582519531,0.5747793912887573],[0.4720711410045624,-0.8269941210746765,0.3053351044654846,-0.03876643627882004],[-0.6608485579490662,-0.5612140893936157,-0.49831533432006836,1.0763897895812988],[0.0,0.0,0.0,1.0]],0,"hand_l"]],2.3450405597686768,[0.5664597153663635,0.0033520194701850414,1.116795301437378],[0.6406424641609192,-0.04436469078063965,1.054636001586914],[[-0.614357054233551,0.6874746084213257,-0.3872262239456177,0.5664597153663635],[0.0688193142414093,-0.4422055780887604,-0.8942697048187256,0.0033520194701850414],[-0.7860211730003357,-0.5760495066642761,0.2243606150150299,1.116795301437378],[0.0,0.0,0.0,1.0]],0,"lowerarm_l"],["lowerarm_twist_01_l",[],-2.672248601913452,[0.47323453426361084,0.059030238538980484,1.187819242477417],[0.6204357743263245,-0.02888493612408638,1.0756734609603882],[[0.22621244192123413,0.7184914350509644,-0.657721996307373,0.47323453426361084],[0.8883804678916931,-0.4291152358055115,-0.1632191240787506,0.059030238538980484],[-0.3995099663734436,-0.5473852157592773,-0.7353648543357849,1.187819242477417],[0.0,0.0,0.0,1.0]],0,"lowerarm_l"]],-2.6722471714019775,[0.37264585494995117,0.11910632997751236,1.2644531726837158],[0.5198470950126648,0.031191138550639153,1.1523072719573975],[[0.22621285915374756,0.7184909582138062,-0.6577222347259521,0.37264585494995117],[0.8883804678916931,-0.42911505699157715,-0.1632181704044342,0.11910632997751236],[-0.3995095491409302,-0.5473854541778564,-0.7353647947311401,1.2644531726837158],[0.0,0.0,0.0,1.0]],0,"upperarm_l"],["upperarm_twist_01_l",[],-2.301622152328491,[0.18022625148296356,0.09747245162725449,1.4914966821670532],[0.27966025471687317,0.10865189880132675,1.3741705417633057],[[-0.06804952025413513,0.6448391675949097,-0.7612828016281128,0.18022625148296356],[0.9969833493232727,0.07249981164932251,-0.027707785367965698,0.09747245162725449],[0.037325650453567505,-0.7608714699745178,-0.6478277444839478,1.4914966821670532],[0.0,0.0,0.0,1.0]],0,"upperarm_l"]],-2.301622152328491,[0.17700207233428955,0.09710995852947235,1.4953010082244873],[0.27643606066703796,0.10828938335180283,1.3779748678207397],[[-0.06804943084716797,0.6448392868041992,-0.7612828016281128,0.17700207233428955],[0.9969834685325623,0.07249969244003296,-0.027707800269126892,0.09710995852947235],[0.037325575947761536,-0.7608716487884521,-0.6478277444839478,1.4953010082244873],[0.0,0.0,0.0,1.0]],0,"clavicle_l"]],-3.0362796783447266,[0.037819862365722656,0.027603916823863983,1.5220106840133667],[0.17700207233428955,0.09710995852947235,1.4953010082244873],[[-0.4467737674713135,0.8817448616027832,-0.15139049291610718,0.037819862365722656],[0.8946468830108643,0.4403335452079773,-0.07558560371398926,0.027603916823863983],[1.5087425708770752e-05,-0.16921070218086243,-0.9855798482894897,1.5220106840133667],[0.0,0.0,0.0,1.0]],0,"spine_03"],["clavicle_r",[["upperarm_r",[["lowerarm_r",[["hand_r",[["index_01_r",[["index_02_r",[["index_03_r",[],-2.1902658939361572,[-0.6543617844581604,-0.08762510865926743,0.9683955907821655],[-0.6428136229515076,-0.0774710401892662,0.9986499547958374],[[-0.7189573049545288,0.3402717113494873,-0.6060654520988464,-0.6543617844581604],[-0.5282503962516785,0.2991941571235657,0.7946282625198364,-0.08762510865926743],[0.45172083377838135,0.8914582133293152,-0.035359203815460205,0.9683955907821655],[0.0,0.0,0.0,1.0]],0,"index_02_r"]],-2.311405897140503,[-0.6467201709747314,-0.0809490755200386,1.0007811784744263],[-0.6390795111656189,-0.07427354156970978,1.0331670045852661],[[-0.7786606550216675,0.2251361906528473,-0.5856630802154541,-0.6467201709747314],[-0.5523951053619385,0.19669827818870544,0.8100429177284241,-0.0809490755200386],[0.2975689172744751,0.9542658925056458,-0.028797075152397156,1.0007811784744263],[0.0,0.0,0.0,1.0]],0,"index_01_r"]],-2.2017805576324463,[-0.6304205656051636,-0.06766427308320999,1.0381476879119873],[-0.614122211933136,-0.054379358887672424,1.0755146741867065],[[-0.7290751934051514,0.3801209032535553,-0.5691726207733154,-0.6304205656051636],[-0.47943973541259766,0.30983948707580566,0.8210585117340088,-0.06766427308320999],[0.48845362663269043,0.871497392654419,-0.04365116357803345,1.0381476879119873],[0.0,0.0,0.0,1.0]],0,"hand_r"],["middle_01_r",[["middle_02_r",[["middle_03_r",[],-2.362706422805786,[-0.6743482351303101,-0.06542293727397919,0.9606466889381409],[-0.6559399366378784,-0.0574231781065464,0.991119384765625],[[-0.8058788776397705,0.5044890642166138,-0.3099193572998047,-0.6743482351303101],[-0.22761818766593933,0.21923759579658508,0.9487490653991699,-0.06542293727397919],[0.5465794801712036,0.8351203203201294,-0.06184808909893036,0.9606466889381409],[0.0,0.0,0.0,1.0]],0,"middle_02_r"]],-2.588460683822632,[-0.6653066277503967,-0.05725010111927986,0.9950399994850159],[-0.6562650799751282,-0.04907730966806412,1.0294334888458252],[[-0.908447265625,0.2477874755859375,-0.3366378843784332,-0.6653066277503967],[-0.2843444347381592,0.22397881746292114,0.9321919083595276,-0.05725010111927986],[0.3063852787017822,0.9425682425498962,-0.1330159306526184,0.9950399994850159],[0.0,0.0,0.0,1.0]],0,"middle_01_r"]],-2.387606620788574,[-0.6448988914489746,-0.044795338064432144,1.0348130464553833],[-0.6244901418685913,-0.032340310513973236,1.0745854377746582],[[-0.821233332157135,0.43978971242904663,-0.36353909969329834,-0.6448988914489746],[-0.266107439994812,0.2683943510055542,0.9258246421813965,-0.044795338064432144],[0.5047400593757629,0.8570584058761597,-0.10338300466537476,1.0348130464553833],[0.0,0.0,0.0,1.0]],0,"hand_r"],["pinky_01_r",[["pinky_02_r",[["pinky_03_r",[],-2.8476390838623047,[-0.6701245307922363,-0.0035465413238853216,0.972392201423645],[-0.6598244309425354,0.0007698299014009535,1.0000786781311035],[[-0.9385634660720825,0.34501516819000244,0.00795067846775055,-0.6701245307922363],[0.0615142360329628,0.14458242058753967,0.9875788688659668,-0.0035465413238853216],[0.3395802676677704,0.9273941516876221,-0.1569230705499649,0.972392201423645],[0.0,0.0,0.0,1.0]],0,"pinky_02_r"]],-2.84287691116333,[-0.6593693494796753,-0.0012671613367274404,1.0001481771469116],[-0.6486170887947083,0.0010128198191523552,1.0279052257537842],[[-0.932095468044281,0.3601612448692322,0.03849940747022629,-0.6593693494796753],[0.07058986276388168,0.07637098431587219,0.9945775866508484,-0.0012671613367274404],[0.35526788234710693,0.9297590255737305,-0.09660881757736206,1.0001481771469116],[0.0,0.0,0.0,1.0]],0,"pinky_01_r"]],-2.6816701889038086,[-0.6402485370635986,0.001588113489560783,1.0301729440689087],[-0.6211270093917847,0.004443347919732332,1.060197353363037],[[-0.8432247042655945,0.5354572534561157,0.04751349985599518,-0.6402485370635986],[0.10661685466766357,0.07995468378067017,0.9910802841186523,0.001588113489560783],[0.5268822908401489,0.8407691717147827,-0.12450850009918213,1.0301729440689087],[0.0,0.0,0.0,1.0]],0,"hand_r"],["ring_01_r",[["ring_02_r",[["ring_03_r",[],-2.6497673988342285,[-0.6743404269218445,-0.03550234064459801,0.9587317705154419],[-0.6588475704193115,-0.027652528136968613,0.9888492226600647],[[-0.8873909711837769,0.44562602043151855,-0.1181299239397049,-0.6743404269218445],[-0.01628027856349945,0.22578662633895874,0.974040687084198,-0.03550234064459801],[0.4607301950454712,0.866277813911438,-0.19310607016086578,0.9587317705154419],[0.0,0.0,0.0,1.0]],0,"ring_02_r"]],-2.831800699234009,[-0.6659214496612549,-0.029755258932709694,0.9919703602790833],[-0.6575031280517578,-0.024008184671401978,1.0252090692520142],[[-0.9650413393974304,0.24213889241218567,-0.10031933337450027,-0.6659214496612549],[-0.060851261019706726,0.16530492901802063,0.9843633770942688,-0.029755258932709694],[0.2549360990524292,0.9560556411743164,-0.14479152858257294,0.9919703602790833],[0.0,0.0,0.0,1.0]],0,"ring_01_r"]],-2.6485352516174316,[-0.6457555890083313,-0.020827647298574448,1.0303891897201538],[-0.6255905032157898,-0.011899897828698158,1.0688084363937378],[[-0.8844940662384033,0.4552074074745178,-0.10225784778594971,-0.6457555890083313],[-0.009513378143310547,0.20153537392616272,0.9794350862503052,-0.020827647298574448],[0.4664544463157654,0.8672776222229004,-0.17392626404762268,1.0303891897201538],[0.0,0.0,0.0,1.0]],0,"hand_r"],["thumb_01_r",[["thumb_02_r",[["thumb_03_r",[],-0.9493562579154968,[-0.5778408050537109,-0.0956621915102005,1.0226202011108398],[-0.5814244151115417,-0.0657481998205185,1.0498677492141724],[[0.6073044538497925,-0.08821925520896912,-0.7895559072494507,-0.5778408050537109],[-0.49399688839912415,0.7364051342010498,-0.46224918961524963,-0.0956621915102005],[0.6222123503684998,0.6707642078399658,0.4036421775817871,1.0226202011108398],[0.0,0.0,0.0,1.0]],0,"thumb_02_r"]],-0.9330222010612488,[-0.5760736465454102,-0.07076910138130188,1.054672122001648],[-0.5743066072463989,-0.04587605968117714,1.0867241621017456],[[0.5776118636131287,0.04349994659423828,-0.8151516914367676,-0.5760736465454102],[-0.6598316431045532,0.6128022074699402,-0.43485134840011597,-0.07076910138130188],[0.480610728263855,0.7890381813049316,0.38266444206237793,1.054672122001648],[0.0,0.0,0.0,1.0]],0,"thumb_01_r"]],-0.937124490737915,[-0.5747800469398499,-0.038767628371715546,1.0763882398605347],[-0.5734853148460388,-0.00676653441041708,1.09810471534729],[[0.5834622979164124,0.033459365367889404,-0.811450719833374,-0.5747800469398499],[-0.47206977009773254,0.8269950151443481,-0.30533480644226074,-0.038767628371715546],[0.660849392414093,0.5612126588821411,0.49831560254096985,1.0763882398605347],[0.0,0.0,0.0,1.0]],0,"hand_r"]],-2.1914331912994385,[-0.5664604902267456,0.0033510078210383654,1.116795539855957],[-0.49227777123451233,0.051067713648080826,1.178954839706421],[[-0.6143578290939331,0.6874745488166809,-0.3872254490852356,-0.5664604902267456],[-0.06881804764270782,0.44220566749572754,0.8942697644233704,0.0033510078210383654],[0.7860208749771118,0.5760498046875,-0.22436176240444183,1.116795539855957],[0.0,0.0,0.0,1.0]],0,"lowerarm_r"],["lowerarm_twist_01_r",[],-1.068544864654541,[-0.4732346534729004,0.05902975797653198,1.1878199577331543],[-0.3260330557823181,0.14694520831108093,1.2999660968780518],[[0.06629504263401031,0.7184910774230957,-0.6923695802688599,-0.4732346534729004],[-0.8256654143333435,0.429115355014801,0.36624664068222046,0.05902975797653198],[0.5602512955665588,0.5473853349685669,0.6216813325881958,1.1878199577331543],[0.0,0.0,0.0,1.0]],0,"lowerarm_r"]],-0.8327444791793823,[-0.3726460635662079,0.11910603940486908,1.2644537687301636],[-0.2254444658756256,0.20702147483825684,1.3765997886657715],[[0.22621266543865204,0.71849125623703,-0.6577218770980835,-0.3726460635662079],[-0.888380229473114,0.4291153848171234,0.16321918368339539,0.11910603940486908],[0.3995101749897003,0.5473848581314087,0.7353647947311401,1.2644537687301636],[0.0,0.0,0.0,1.0]],0,"upperarm_r"],["upperarm_twist_01_r",[],-1.2437655925750732,[-0.180225670337677,0.09747220575809479,1.4914978742599487],[-0.08079124987125397,0.08629278838634491,1.6088244915008545],[[-0.32373809814453125,0.6448395252227783,-0.6923695802688599,-0.180225670337677],[-0.9276893138885498,-0.0724993348121643,0.3662464916706085,0.09747220575809479],[0.18597382307052612,0.7608717679977417,0.6216814517974854,1.4914978742599487],[0.0,0.0,0.0,1.0]],0,"upperarm_r"]],-0.8955393433570862,[-0.1770014464855194,0.09710967540740967,1.4953023195266724],[-0.07756701111793518,0.08593025803565979,1.6126289367675781],[[-0.06804920732975006,0.6448396444320679,-0.7612826228141785,-0.1770014464855194],[-0.996983528137207,-0.0724993646144867,0.02770787477493286,0.09710967540740967],[-0.03732544183731079,0.7608717083930969,0.6478279829025269,1.4953023195266724],[0.0,0.0,0.0,1.0]],0,"clavicle_r"]],-0.2738845944404602,[-0.03781992569565773,0.027603941038250923,1.5220117568969727],[0.10136158764362335,-0.041901737451553345,1.5487213134765625],[[-0.4467737376689911,0.881744921207428,-0.1513911485671997,-0.03781992569565773],[-0.8946470618247986,-0.4403335154056549,0.07558456063270569,0.027603941038250923],[-1.6301870346069336e-05,0.16921082139015198,0.9855799674987793,1.5220117568969727],[0.0,0.0,0.0,1.0]],0,"spine_03"],["neck_01",[["head",[],1.5707964897155762,[8.26385075924918e-08,0.039776287972927094,1.655158519744873],[9.380105581158205e-08,0.0419171042740345,1.7480412721633911],[[-4.551099053173857e-08,1.1920928955078125e-07,0.9999999403953552,8.26385075924918e-08],[0.9997344613075256,0.02304246462881565,4.3422915041446686e-08,0.039776287972927094],[-0.02304246835410595,0.9997343420982361,-9.12696123123169e-08,1.655158519744873],[0.0,0.0,0.0,1.0]],0,"neck_01"]],1.5707964897155762,[7.170363147679382e-08,0.058746833354234695,1.5642085075378418],[8.254154693076998e-08,0.03622598201036453,1.6543450355529785],[[-1.3535778720097369e-08,1.1920928955078125e-07,0.9999999403953552,7.170363147679382e-08],[0.9701761603355408,-0.24240106344223022,2.60770320892334e-08,0.058746833354234695],[0.2424010932445526,0.9701759815216064,-2.9802322387695312e-08,1.5642085075378418],[0.0,0.0,0.0,1.0]],0,"spine_03"]],1.5707964897155762,[5.1412698098829424e-08,0.03497936576604843,1.4002971649169922],[6.804159369266927e-08,0.058090001344680786,1.5387014150619507],[[-6.256153994854685e-08,1.1920928955078125e-07,0.9999998807907104,5.1412698098829424e-08],[0.9863438010215759,0.16469888389110565,6.332993507385254e-08,0.03497936576604843],[-0.16469892859458923,0.9863436222076416,2.9802322387695312e-08,1.4002971649169922],[0.0,0.0,0.0,1.0]],0,"spine_02"]],1.5707964897155762,[3.547263460745853e-08,0.015160123817622662,1.2676302194595337],[5.1480462559538864e-08,0.030811011791229248,1.400853157043457],[[-5.678212033899399e-08,1.1920928955078125e-07,1.0000001192092896,3.547263460745853e-08],[0.9931700229644775,0.11667654663324356,3.259629011154175e-08,0.015160123817622662],[-0.11667653918266296,0.9931700825691223,-2.1606683731079102e-07,1.2676302194595337],[0.0,0.0,0.0,1.0]],0,"spine_01"]],1.5707964897155762,[1.298866703081103e-08,0.0016524681122973561,1.0755620002746582],[3.594380260096841e-08,-0.023023605346679688,1.266516923904419],[[-2.730207349088687e-08,1.1920928955078125e-07,1.0,1.298866703081103e-08],[0.9917536377906799,-0.12815895676612854,5.029141902923584e-08,0.0016524681122973561],[0.12815897166728973,0.9917535781860352,-1.9371509552001953e-07,1.0755620002746582],[0.0,0.0,0.0,1.0]],0,"pelvis"],["thigh_l",[["calf_l",[["calf_twist_01_l",[],1.5532677173614502,[0.15673944354057312,0.04996789991855621,0.32893672585487366],[0.13430839776992798,-0.0019801026210188866,0.6269801259040833],[[-0.0702265128493309,-0.07394024729728699,0.99478679895401,0.15673944354057312],[0.9835962653160095,-0.17123804986476898,0.05670875683426857,0.04996789991855621],[0.16615232825279236,0.9824510216712952,0.08475297689437866,0.32893672585487366],[0.0,0.0,0.0,1.0]],0,"calf_l"],["foot_l",[["ball_l",[],-0.014832629822194576,[0.17908670008182526,-0.0835530236363411,0.02811809442937374],[0.18816344439983368,-0.27913233637809753,0.019303083419799805],[[-0.013327238149940968,0.046312712132930756,0.998801589012146,0.17908670008182526],[-0.04564050957560539,-0.9979138374328613,0.04565921798348427,-0.0835530236363411],[0.9988314509391785,-0.044977255165576935,0.01548617985099554,0.02811809442937374],[0.0,0.0,0.0,1.0]],0,"foot_l"]],1.6014935970306396,[0.17076238989830017,0.08073701709508896,0.13465841114521027],[0.16785667836666107,0.07822579145431519,0.33060893416404724],[[-0.04569404572248459,-0.014825955033302307,0.9988455772399902,0.17076238989830017],[0.998881995677948,-0.012813151814043522,0.04550552740693092,0.08073701709508896],[0.012123695574700832,0.999808132648468,0.015394824557006359,0.13465841114521027],[0.0,0.0,0.0,1.0]],0,"calf_l"]],1.5512158870697021,[0.14217832684516907,0.01801784336566925,0.5306715965270996],[0.1206057220697403,-0.029316773638129234,0.8295455574989319],[[-0.06353159248828888,-0.07111057639122009,0.9954432845115662,0.14217832684516907],[0.986392617225647,-0.15603084862232208,0.051807746291160583,0.01801784336566925],[0.15163575112819672,0.9851892590522766,0.08005577325820923,0.5306715965270996],[0.0,0.0,0.0,1.0]],0,"thigh_l"],["thigh_twist_01_l",[],1.4989992380142212,[0.11710765957832336,0.011900495737791061,0.7338167428970337],[0.07756849378347397,0.001927055069245398,1.0545662641525269],[[-0.054220471531152725,-0.12228688597679138,0.991012692451477,0.11710765957832336],[0.9982319474220276,-0.030845895409584045,0.05080920457839966,0.011900495737791061],[0.024355389177799225,0.9920154213905334,0.12374309450387955,0.7338167428970337],[0.0,0.0,0.0,1.0]],0,"thigh_l"]],1.5937787294387817,[0.09005801379680634,0.005300270859152079,0.952997624874115],[0.05047301575541496,-0.0043586306273937225,1.2737510204315186],[[-0.1477847546339035,-0.12242865562438965,0.9814125299453735,0.09005801379680634],[0.9889521598815918,-0.029873095452785492,0.14519348740577698,0.005300270859152079],[0.011541962623596191,0.9920274615287781,0.12549099326133728,0.952997624874115],[0.0,0.0,0.0,1.0]],0,"pelvis"],["thigh_r",[["calf_r",[["calf_twist_01_r",[],1.703505277633667,[-0.15673989057540894,0.04996815323829651,0.3289351463317871],[-0.1791713386774063,0.10191631317138672,0.030890434980392456],[[-0.07022444903850555,-0.07394123077392578,0.9947869777679443,-0.15673989057540894],[-0.9835963845252991,0.17123782634735107,-0.056706614792346954,0.04996815323829651],[-0.1661522090435028,-0.9824512004852295,-0.08475342392921448,0.3289351463317871],[0.0,0.0,0.0,1.0]],0,"calf_r"],["foot_r",[["ball_r",[],1.5852450132369995,[-0.17908704280853271,-0.08355222642421722,0.028116783127188683],[-0.17001032829284668,0.11202652752399445,0.03693177178502083],[[-0.013390185311436653,0.04631268233060837,0.9988371729850769,-0.17908704280853271],[0.045641716569662094,0.9979135990142822,-0.045658014714717865,-0.08355222642421722],[-0.9988681077957153,0.04497727006673813,-0.015476042404770851,0.028116783127188683],[0.0,0.0,0.0,1.0]],0,"foot_r"]],1.6311498880386353,[-0.17076276242733002,0.08073724806308746,0.13465695083141327],[-0.1736685037612915,0.08324846625328064,-0.061292991042137146],[[-0.04569471254944801,-0.0148261534050107,0.9988454580307007,-0.17076276242733002],[-0.9988819360733032,0.012813151814043522,-0.04550618678331375,0.08073724806308746],[-0.012123676016926765,-0.9998080730438232,-0.015395203605294228,0.13465695083141327],[0.0,0.0,0.0,1.0]],0,"calf_r"]],1.6953251361846924,[-0.14217862486839294,0.01801789179444313,0.5306713581085205],[-0.16375139355659485,0.06535273045301437,0.2317960560321808],[[-0.06353136152029037,-0.071110799908638,0.9954430460929871,-0.14217862486839294],[-0.9863925576210022,0.15603086352348328,-0.0518074706196785,0.01801789179444313],[-0.1516357660293579,-0.9851891994476318,-0.08005598187446594,0.5306713581085205],[0.0,0.0,0.0,1.0]],0,"thigh_r"],["thigh_twist_01_r",[],1.7442997694015503,[-0.11710766702890396,0.011900460347533226,0.7338185906410217],[-0.15664677321910858,0.021873963996767998,0.4130679965019226],[[-0.054216865450143814,-0.12228627502918243,0.9910128116607666,-0.11710766702890396],[-0.9982320070266724,0.03084597736597061,-0.05080554634332657,0.011900460347533226],[-0.0243559330701828,-0.9920152425765991,-0.12374234944581985,0.7338185906410217],[0.0,0.0,0.0,1.0]],0,"thigh_r"]],1.8393620252609253,[-0.09005794674158096,0.005300223361700773,0.9529994130134583],[-0.12964314222335815,0.014959168620407581,0.6322449445724487],[[-0.1477845460176468,-0.12242889404296875,0.9814127683639526,-0.09005794674158096],[-0.9889522790908813,0.029873132705688477,-0.14519324898719788,0.005300223361700773],[-0.011542029678821564,-0.9920276999473572,-0.12549112737178802,0.9529994130134583],[0.0,0.0,0.0,1.0]],0,"pelvis"]],1.5707964897155762,[1.3536828374860348e-30,0.010561523027718067,0.9675050973892212],[1.1664435639602289e-08,0.010206873528659344,1.0645593404769897],[[-4.229680783396361e-08,1.2014061212539673e-07,1.0,1.3536828374860348e-30],[0.9999933242797852,-0.0036541123408824205,4.2770807340275496e-08,0.010561523027718067],[0.003654112573713064,0.9999932646751404,-1.2991949915885925e-07,0.9675050973892212],[0.0,0.0,0.0,1.0]],0,null],["ik_foot_root",[["ik_foot_l",[],1.601492166519165,[0.1707625538110733,0.08072119951248169,0.13465717434883118],[0.1673230528831482,0.07775305211544037,0.36657851934432983],[[-0.04569403827190399,-0.014827615581452847,0.9988453984260559,0.1707625538110733],[0.9988821744918823,-0.01279562246054411,0.04550576210021973,0.08072119951248169],[0.012106106616556644,0.9998080730438232,0.01539575308561325,0.13465717434883118],[0.0,0.0,0.0,1.0]],0,"ik_foot_root"],["ik_foot_r",[],1.6311527490615845,[-0.17076271772384644,0.0807214081287384,0.13465560972690582],[-0.17420221865177155,0.08368955552577972,-0.09726573526859283],[[-0.045695867389440536,-0.014827614650130272,0.9988452196121216,-0.17076271772384644],[-0.9988819360733032,0.012795621529221535,-0.04550759494304657,0.0807214081287384],[-0.012106077745556831,-0.9998079538345337,-0.015395683236420155,0.13465560972690582],[0.0,0.0,0.0,1.0]],0,"ik_foot_root"]],3.1415927410125732,[0.0,0.0,0.0],[0.2319658398628235,0.0,0.0],[[1.1920926112907182e-07,0.9999997019767761,0.0,0.0],[0.9999999403953552,0.0,8.74227694680485e-08,0.0],[8.742276236262114e-08,0.0,-1.0,0.0],[0.0,0.0,0.0,1.0]],0,null],["ik_hand_root",[["ik_hand_gun",[["ik_hand_l",[],2.345017671585083,[0.5664594769477844,0.003354591317474842,1.1167956590652466],[0.9558860659599304,-0.2471432238817215,0.7904910445213318],[[-0.6143578290939331,0.6874740123748779,-0.3872257173061371,0.5664594769477844],[0.06880386173725128,-0.4422161281108856,-0.8942654132843018,0.003354591317474842],[-0.7860218286514282,-0.5760416984558105,0.22437798976898193,1.1167956590652466],[0.0,0.0,0.0,1.0]],0,"ik_hand_gun"],["ik_hand_r",[],-2.1914424896240234,[-0.5664604306221008,0.0033541240263730288,1.116795539855957],[-0.17703387141227722,0.25385189056396484,1.443100094795227],[[-0.614358127117157,0.6874741911888123,-0.38722532987594604,-0.5664604306221008],[-0.06880348920822144,0.44221627712249756,0.8942655920982361,0.0033541240263730288],[0.7860218286514282,0.5760418176651001,-0.22437851130962372,1.116795539855957],[0.0,0.0,0.0,1.0]],0,"ik_hand_gun"]],-2.1914429664611816,[-0.5664604306221008,0.003354114480316639,1.116795539855957],[-0.17703387141227722,0.25385189056396484,1.443100094795227],[[-0.6143583059310913,0.6874740719795227,-0.3872249126434326,-0.5664604306221008],[-0.06880298256874084,0.4422162175178528,0.8942655324935913,0.003354114480316639],[0.7860216498374939,0.576041579246521,-0.22437888383865356,1.116795539855957],[0.0,0.0,0.0,1.0]],0,"ik_hand_root"]],3.1415927410125732,[0.0,0.0,0.0],[1.252246379852295,0.0,0.0],[[0.0,1.0,0.0,0.0],[1.0,0.0,8.742277657347586e-08,0.0],[8.742277657347586e-08,0.0,-1.0,0.0],[0.0,0.0,0.0,1.0]],0,null]]'''


_JSON = None


def _load_data():
    global _JSON
    if _JSON:
        return _JSON

    import json
    _JSON = json.loads(_DATA)
    return _JSON


SCHEMA = {
    'id': 'origin',
    'name': 'The Origin',
    'load_data': _load_data
}
